Date, Open, High, Low, Close, Adj Close, Volume
2019-01-01,412.579987,414.630005,407.000000,408.619995,407.180573,16390
2019-01-02,410.000000,412.000000,400.410004,402.109985,400.693512,22600
2019-01-03,403.600006,407.910004,400.920013,407.250000,405.815430,30675
2019-01-04,407.600006,411.000000,406.529999,408.839996,407.399841,24505
2019-01-07,412.019989,413.730011,398.000000,401.579987,400.165405,37585
2019-01-08,402.000000,404.600006,398.410004,403.059998,401.640198,189635
2019-01-09,404.200012,425.000000,400.200012,419.239990,417.763184,71285
2019-01-10,415.220001,419.399994,414.019989,415.519989,414.056244,15410
2019-01-11,412.000000,418.799988,409.209991,412.390015,410.937317,14900
2019-01-14,412.399994,413.950012,408.179993,410.239990,408.794861,13165
2019-01-15,415.200012,437.739990,413.799988,433.380005,431.853394,222955
2019-01-16,433.700012,443.000000,433.350006,440.549988,438.998138,95000
2019-01-17,442.000000,442.089996,433.220001,436.040009,434.503967,34255
2019-01-18,430.019989,437.600006,430.019989,435.179993,433.647003,13195
2019-01-21,436.000000,437.890015,435.049988,435.920013,434.384399,15765
2019-01-22,435.010010,436.510010,434.369995,435.399994,433.866211,17095
2019-01-23,435.010010,452.350006,435.000000,448.679993,447.099457,112170
2019-01-24,450.000000,455.799988,450.000000,453.500000,451.902527,32510
2019-01-25,448.200012,456.230011,440.529999,449.200012,447.617676,26140
2019-01-28,446.429993,447.829987,430.000000,433.470001,431.943024,37960
2019-01-29,430.000000,440.000000,430.000000,438.730011,437.184570,13380
2019-01-30,438.730011,449.000000,438.730011,444.589996,443.023895,13470
2019-01-31,445.179993,459.000000,445.000000,453.709991,452.111725,93955
2019-02-01,457.980011,465.600006,437.640015,458.130005,456.516174,149160
2019-02-04,446.010010,464.880005,443.399994,447.559998,445.983398,38380
2019-02-05,444.000000,453.000000,444.000000,445.709991,444.139923,15610
2019-02-06,445.010010,450.000000,439.390015,442.929993,441.369720,12600
2019-02-07,442.799988,444.799988,434.950012,436.290009,434.753082,13585
2019-02-08,430.600006,444.510010,430.399994,435.989990,434.454132,17920
2019-02-11,434.339996,443.000000,430.000000,439.600006,438.051453,14185
2019-02-12,438.000000,440.000000,434.000000,436.410004,434.872711,9680
2019-02-14,432.519989,443.579987,431.000000,436.220001,434.683380,7660
2019-02-15,436.010010,437.489990,432.000000,432.369995,430.846954,3890
2019-02-18,433.000000,445.950012,432.010010,439.279999,437.732574,12645
2019-02-19,437.000000,441.399994,436.399994,439.739990,438.190948,7140
2019-02-20,453.000000,456.790009,444.399994,449.109985,447.527954,61330
2019-02-21,450.540009,454.790009,445.000000,450.010010,448.424805,50200
2019-02-22,445.600006,453.420013,445.600006,450.769989,449.182098,6390
2019-02-25,451.799988,454.989990,444.000000,446.640015,445.066711,6570
2019-02-26,438.200012,448.600006,436.000000,444.910004,443.342743,15825
2019-02-27,444.239990,448.000000,440.100006,443.070007,441.509247,15925
2019-02-28,441.649994,444.799988,441.000000,441.040009,439.486389,3740
2019-03-01,441.019989,457.799988,441.010010,450.410004,448.823395,31985
2019-03-05,455.399994,475.000000,451.480011,471.880005,470.217773,76555
2019-03-06,472.399994,481.200012,463.029999,469.769989,468.115173,45840
2019-03-07,469.000000,479.980011,465.000000,477.589996,475.907623,46110
2019-03-08,480.000000,509.600006,477.589996,494.910004,493.166595,249990
2019-03-11,498.399994,505.200012,494.000000,500.179993,498.418060,44165
2019-03-12,504.799988,521.200012,500.799988,510.019989,508.223389,69780
2019-03-13,511.000000,511.989990,500.000000,500.609985,498.846527,23860
2019-03-14,502.200012,516.000000,500.000000,507.429993,505.642517,41680
2019-03-15,502.200012,512.000000,500.000000,502.059998,500.291412,24555
2019-03-18,504.109985,508.839996,500.000000,504.720001,502.942078,10850
2019-03-19,508.019989,509.989990,500.000000,501.570007,499.803162,29015
2019-03-20,507.600006,507.600006,500.000000,501.290009,499.524170,58835
2019-03-22,502.000000,502.000000,492.000000,494.179993,492.439178,24055
2019-03-25,493.799988,493.799988,474.399994,474.970001,473.296875,20905
2019-03-26,470.399994,489.940002,469.000000,479.070007,477.382416,58000
2019-03-27,480.600006,488.040009,462.809998,471.679993,470.018433,32405
2019-03-28,477.799988,480.000000,468.200012,472.799988,471.134521,29550
2019-04-01,473.010010,480.000000,472.000000,475.880005,474.203674,16875
2019-04-02,476.000000,479.989990,472.399994,476.440002,474.761719,10195
2019-04-03,475.010010,479.000000,471.000000,475.320007,473.645660,16840
2019-04-04,476.000000,483.579987,464.820007,477.059998,475.379486,29015
2019-04-05,473.200012,482.000000,473.200012,477.410004,475.728271,7005
2019-04-08,472.200012,479.339996,472.200012,477.040009,475.359619,5880
2019-04-09,473.209991,482.700012,473.209991,476.589996,474.911133,9950
2019-04-10,474.209991,497.000000,474.000000,480.799988,479.106354,175115
2019-04-11,481.519989,483.549988,477.000000,477.940002,476.256378,134795
2019-04-12,480.000000,491.799988,464.000000,482.170013,480.471497,121905
2019-04-15,479.579987,483.459991,470.000000,470.589996,468.932312,47730
2019-04-16,470.000000,473.019989,465.000000,466.359985,464.717163,112070
2019-04-18,467.200012,470.989990,464.929993,466.070007,464.428223,70160
2019-04-22,465.000000,465.040009,457.000000,462.100006,460.472198,11045
2019-04-23,466.010010,468.179993,460.000000,463.519989,461.887207,61120
2019-04-24,465.000000,468.649994,459.410004,462.380005,460.751251,10580
2019-04-25,462.399994,470.000000,462.000000,466.880005,465.235382,13910
2019-04-26,464.970001,484.790009,464.970001,470.790009,469.131592,35710
2019-04-30,476.000000,476.000000,466.010010,469.720001,468.065338,45480
2019-05-02,464.429993,477.890015,464.429993,473.720001,472.051270,27645
2019-05-03,469.630005,473.989990,469.190002,470.579987,468.922363,5100
2019-05-06,470.600006,470.989990,460.790009,468.540009,466.889557,6260
2019-05-07,468.529999,470.000000,463.000000,465.160004,463.521393,6255
2019-05-08,463.609985,465.160004,456.000000,457.989990,456.376678,48365
2019-05-09,453.809998,468.040009,448.839996,458.350006,456.735413,13395
2019-05-10,455.649994,460.000000,452.040009,455.640015,454.034973,6115
2019-05-13,452.109985,454.190002,446.309998,449.450012,447.866791,65520
2019-05-14,448.079987,452.660004,434.209991,450.049988,448.464661,23805
2019-05-15,445.220001,463.799988,445.220001,451.519989,449.929474,62590
2019-05-16,446.000000,463.000000,446.000000,455.799988,454.194366,5230
2019-05-17,457.600006,457.600006,450.619995,452.959991,451.364410,10370
2019-05-20,460.000000,474.799988,457.000000,469.250000,467.597046,17520
2019-05-21,470.000000,473.989990,448.799988,455.890015,454.284088,21500
2019-05-22,459.000000,464.730011,452.100006,462.079987,460.452271,9355
2019-05-23,465.000000,469.799988,456.489990,460.600006,458.977509,12430
2019-05-24,466.000000,495.600006,461.220001,485.369995,483.660248,38725
2019-05-27,500.000000,503.929993,480.000000,483.630005,481.926331,65485
2019-05-28,489.100006,500.200012,484.899994,490.209991,488.483185,151980
2019-05-29,490.209991,494.799988,484.000000,488.190002,486.470306,11735
2019-05-30,484.000000,496.000000,484.000000,493.769989,492.030640,14925
2019-05-31,489.000000,492.600006,483.299988,489.660004,487.935150,17150
2019-06-03,485.019989,494.970001,485.019989,490.739990,489.011292,86150
2019-06-04,488.170013,490.510010,483.000000,484.070007,482.364807,71110
2019-06-06,480.950012,489.799988,479.859985,486.480011,484.766296,8495
2019-06-07,481.000000,489.549988,478.239990,482.029999,480.332031,144260
2019-06-10,483.000000,483.279999,465.809998,468.600006,466.949341,9415
2019-06-11,468.600006,469.790009,458.000000,461.309998,459.684998,12275
2019-06-12,461.309998,461.309998,452.600006,455.410004,453.805756,5615
2019-06-13,455.470001,458.940002,434.000000,451.709991,450.118805,14795
2019-06-14,444.200012,449.390015,440.000000,441.660004,440.104248,8055
2019-06-17,452.000000,452.000000,431.200012,438.410004,436.865631,18105
2019-06-18,439.799988,443.480011,434.000000,439.160004,437.612976,18530
2019-06-19,439.160004,439.160004,428.709991,431.299988,429.780670,7560
2019-06-20,428.170013,439.000000,411.109985,430.450012,428.933716,50945
2019-06-21,428.980011,448.149994,427.790009,442.940002,441.379700,10070
2019-06-24,442.940002,457.000000,430.000000,448.489990,446.910156,32055
2019-06-25,448.489990,454.779999,438.570007,448.700012,447.119415,142095
2019-06-26,447.730011,455.000000,445.000000,445.790009,444.219635,16585
2019-06-27,444.029999,457.000000,444.000000,453.700012,452.101837,13100
2019-06-28,448.200012,458.000000,448.000000,453.730011,452.131683,7055
2019-07-01,453.730011,459.500000,450.010010,453.549988,451.952332,12865
2019-07-02,452.600006,479.399994,451.010010,463.679993,462.046600,22450
2019-07-03,462.000000,470.420013,462.000000,467.779999,466.132172,21185
2019-07-04,467.609985,472.399994,465.750000,469.130005,467.477478,17665
2019-07-05,463.609985,468.000000,457.739990,461.440002,459.814575,15670
2019-07-08,458.329987,462.239990,440.000000,442.140015,440.582520,20465
2019-07-09,440.799988,448.000000,436.209991,445.630005,444.060242,6365
2019-07-10,448.899994,454.470001,446.000000,452.250000,450.656921,9005
2019-07-11,457.790009,458.600006,446.250000,455.130005,453.526764,16315
2019-07-12,457.799988,457.829987,442.399994,443.959991,442.396057,5710
2019-07-15,445.000000,447.119995,434.019989,435.739990,434.205078,5135
2019-07-16,438.399994,443.649994,430.140015,440.720001,439.167542,9810
2019-07-17,440.000000,450.000000,435.000000,440.670013,439.117737,9770
2019-07-18,440.000000,442.779999,437.220001,440.239990,438.689178,5305
2019-07-19,440.399994,444.589996,434.359985,441.589996,440.034454,93730
2019-07-22,441.799988,441.980011,432.410004,439.760010,438.210907,20080
2019-07-23,440.000000,443.690002,436.570007,440.910004,439.756836,5570
2019-07-24,440.000000,442.000000,437.600006,440.250000,439.098572,16840
2019-07-25,440.029999,445.220001,437.100006,439.000000,437.851837,1401730
2019-07-26,437.410004,440.989990,431.399994,439.559998,438.410339,61310
2019-07-29,441.119995,441.140015,411.309998,428.049988,426.930450,33040
2019-07-30,425.010010,428.000000,402.000000,408.619995,407.551270,32490
2019-07-31,408.619995,428.000000,396.220001,425.890015,424.776093,23480
2019-08-01,425.399994,425.399994,397.000000,398.869995,397.826813,25620
2019-08-02,398.869995,398.869995,384.420013,392.720001,391.692871,18390
2019-08-05,387.799988,389.970001,374.000000,380.989990,379.993561,160680
2019-08-06,387.989990,388.000000,371.200012,376.869995,375.884338,19350
2019-08-07,376.869995,380.000000,370.200012,374.690002,373.710022,8200
2019-08-08,375.000000,380.399994,370.000000,374.380005,373.400848,6325
2019-08-09,378.000000,394.989990,378.000000,388.160004,387.144806,67010
2019-08-13,388.230011,418.000000,312.000000,398.429993,397.387909,176565
2019-08-14,406.450012,478.109985,406.149994,470.130005,468.900452,346255
2019-08-16,467.100006,481.989990,457.739990,472.980011,471.742981,255140
2019-08-19,469.980011,479.000000,451.989990,462.390015,461.180664,65360
2019-08-20,458.799988,458.799988,435.010010,442.260010,441.103271,39915
2019-08-21,446.000000,454.000000,435.019989,442.910004,441.751587,38735
2019-08-22,443.600006,474.329987,434.429993,460.399994,459.195862,89305
2019-08-23,462.000000,472.000000,458.049988,464.190002,462.975983,29885
2019-08-26,466.000000,483.470001,450.000000,478.450012,477.198669,140975
2019-08-27,471.369995,520.000000,470.320007,509.350006,508.017853,247835
2019-08-28,512.000000,545.000000,498.200012,538.570007,537.161377,168120
2019-08-29,544.799988,560.000000,520.599976,528.190002,526.808533,162425
2019-08-30,524.599976,539.799988,513.150024,532.039978,530.648499,123195
2019-09-03,538.000000,538.960022,519.950012,529.679993,528.294678,32450
2019-09-04,535.000000,540.000000,516.000000,521.049988,519.687256,27950
2019-09-05,523.799988,525.200012,500.200012,505.820007,504.497070,18190
2019-09-06,504.000000,525.090027,499.000000,503.339996,502.023560,36965
2019-09-09,504.399994,539.520020,503.600006,519.169983,517.812134,106920
2019-09-11,519.799988,532.770020,517.989990,520.539978,519.178589,36290
2019-09-12,525.780029,529.789978,500.000000,505.500000,504.177887,21385
2019-09-13,509.600006,509.959991,498.000000,504.369995,503.050842,13050
2019-09-16,497.809998,519.599976,497.809998,510.029999,508.696075,104020
2019-09-17,512.000000,512.320007,486.000000,492.820007,491.531067,16295
2019-09-18,504.000000,517.690002,496.019989,509.660004,508.327026,129195
2019-09-19,514.000000,518.000000,505.000000,510.859985,509.523834,23570
2019-09-20,517.599976,545.390015,509.029999,528.590027,527.207520,145290
2019-09-23,540.000000,595.989990,540.000000,575.450012,573.944946,228910
2019-09-24,588.400024,588.400024,561.989990,566.270020,564.788940,43085
2019-09-25,562.200012,570.010010,550.000000,564.669983,563.193176,28290
2019-09-26,564.669983,582.000000,564.669983,572.390015,570.892944,67515
2019-09-27,572.200012,582.599976,568.000000,571.440002,569.945435,20460
2019-09-30,571.440002,588.229980,551.000000,580.809998,579.290955,153865
2019-10-01,581.000000,588.000000,568.000000,580.580017,579.061523,32190
2019-10-03,580.820007,599.190002,569.000000,584.570007,583.041077,51665
2019-10-04,584.599976,603.000000,579.849976,600.330017,598.759888,114165
2019-10-07,598.400024,612.000000,584.200012,596.840027,595.279053,82240
2019-10-09,590.010010,607.000000,569.679993,600.169983,598.600281,55865
2019-10-10,606.229980,646.400024,592.400024,598.380005,596.814941,265840
2019-10-11,603.200012,619.700012,603.159973,611.390015,609.790955,52360
2019-10-14,603.799988,628.820007,603.799988,616.159973,614.548462,48545
2019-10-15,625.000000,625.000000,606.309998,610.570007,608.973145,20395
2019-10-16,616.000000,625.000000,600.000000,603.650024,602.071289,30985
2019-10-17,604.780029,625.000000,600.599976,605.369995,603.786682,71830
2019-10-18,613.599976,625.000000,608.530029,617.039978,615.426147,46890
2019-10-22,620.000000,637.880005,595.960022,598.270020,596.705261,94685
2019-10-23,605.979980,611.739990,594.000000,597.270020,595.707886,35790
2019-10-24,600.000000,616.000000,600.000000,603.340027,601.762024,69045
2019-10-25,602.400024,616.010010,594.000000,596.359985,594.800293,88970
2019-10-27,599.799988,610.000000,599.799988,607.770020,606.180420,11815
2019-10-29,608.570007,612.760010,601.400024,602.159973,600.585083,63900
2019-10-30,605.000000,608.000000,592.619995,594.309998,592.755615,36735
2019-10-31,599.000000,619.909973,580.219971,603.989990,602.410339,141265
2019-11-01,605.799988,607.799988,595.000000,602.669983,601.093811,20940
2019-11-04,606.400024,608.000000,602.000000,603.049988,601.472778,22385
2019-11-05,607.590027,607.590027,587.070007,590.500000,588.955566,40255
2019-11-06,594.989990,595.010010,557.080017,562.270020,560.799438,80855
2019-11-07,556.400024,561.950012,532.510010,549.400024,547.963135,143575
2019-11-08,542.000000,557.599976,540.200012,545.820007,544.392456,46680
2019-11-11,550.000000,609.979980,548.429993,597.880005,596.316284,294800
2019-11-13,600.820007,614.979980,584.239990,599.940002,598.370850,1226295
2019-11-14,612.000000,671.919983,610.200012,652.630005,650.923096,1924955
2019-11-15,657.000000,675.000000,650.200012,656.219971,654.503662,582970
2019-11-18,663.969971,679.400024,663.000000,668.979980,667.230286,377405
2019-11-19,671.960022,676.380005,635.299988,646.489990,644.799194,278000
2019-11-20,652.400024,679.599976,607.280029,620.710022,619.086609,662140
2019-11-21,619.340027,635.000000,610.000000,627.969971,626.327515,643160
2019-11-22,634.000000,641.000000,626.000000,635.400024,633.738220,334290
2019-11-25,641.000000,641.750000,628.400024,638.059998,636.391174,207805
2019-11-26,640.000000,651.799988,630.400024,644.409973,642.724548,241980
2019-11-27,649.799988,656.159973,641.409973,651.530029,649.825989,282770
2019-11-28,656.979980,669.719971,652.400024,667.830017,666.083435,208185
2019-11-29,664.270020,669.799988,655.210022,661.489990,659.759949,57980
2019-12-02,667.200012,670.000000,651.599976,654.500000,652.788208,74885
2019-12-03,660.000000,665.979980,650.000000,657.869995,656.149353,176430
2019-12-04,659.799988,718.960022,654.390015,696.669983,694.847900,749485
2019-12-05,701.799988,719.400024,696.780029,702.200012,700.363403,377860
2019-12-06,708.599976,708.599976,683.130005,690.070007,688.265137,142890
2019-12-09,690.000000,705.000000,680.409973,700.840027,699.007019,121105
2019-12-10,704.869995,704.869995,688.200012,690.729980,688.923523,73410
2019-12-11,691.770020,696.799988,686.140015,688.669983,686.868774,65405
2019-12-12,694.400024,698.000000,676.000000,682.559998,680.774780,119130
2019-12-13,697.390015,714.400024,692.270020,709.690002,707.833923,161970
2019-12-16,713.599976,728.440002,706.200012,713.000000,711.135254,515955
2019-12-17,714.289978,715.799988,707.000000,709.690002,707.833923,54275
2019-12-18,710.000000,738.700012,710.000000,724.460022,722.565247,290810
2019-12-19,726.400024,747.880005,724.599976,731.500000,729.586853,315235
2019-12-20,737.400024,746.000000,733.419983,742.349976,740.408447,202065
2019-12-23,743.599976,749.799988,728.809998,748.109985,746.153381,204485
2019-12-24,749.020020,759.000000,735.150024,749.489990,747.529724,368095
2019-12-26,747.200012,790.000000,744.409973,782.479980,780.433472,423450
2019-12-27,791.599976,811.000000,775.390015,781.299988,779.256592,749625
2019-12-30,782.799988,791.599976,766.200012,774.130005,772.105347,190065
2019-12-31,772.130005,780.000000,756.809998,759.859985,757.872620,154210
2020-01-01,754.000000,767.799988,754.000000,757.309998,755.329285,71530
2020-01-02,756.000000,787.020020,755.799988,781.140015,779.096985,166440
2020-01-03,782.200012,809.799988,776.369995,790.460022,788.392639,248185
2020-01-06,804.000000,807.000000,780.200012,791.849976,789.778931,285655
2020-01-07,808.000000,862.979980,803.599976,847.010010,844.794678,913535
2020-01-08,839.799988,850.799988,817.659973,828.510010,826.343140,777285
2020-01-09,837.039978,844.200012,825.599976,832.619995,830.442322,297730
2020-01-10,835.400024,850.020020,831.000000,837.780029,835.588867,324900
2020-01-13,846.000000,856.000000,834.400024,838.020020,835.828186,177290
2020-01-14,842.320007,845.799988,825.010010,829.119995,826.951538,172695
2020-01-15,828.400024,831.200012,820.200012,827.479980,825.315735,172440
2020-01-16,827.479980,842.599976,822.000000,829.909973,827.739441,346850
2020-01-17,834.000000,837.000000,827.609985,833.130005,830.950989,411905
2020-01-20,838.599976,850.000000,832.000000,840.989990,838.790405,302045
2020-01-21,840.599976,846.000000,826.440002,831.780029,829.604553,112065
2020-01-22,839.599976,839.599976,828.799988,832.330017,830.153076,65250
2020-01-23,834.599976,840.000000,827.130005,837.900024,835.708618,55760
2020-01-24,843.119995,849.979980,837.090027,844.140015,841.932190,143805
2020-01-27,844.000000,878.700012,842.200012,863.859985,861.600647,449090
2020-01-28,869.250000,899.599976,867.809998,884.849976,882.535706,298800
2020-01-29,892.799988,897.989990,848.479980,864.859985,862.598022,759845
2020-01-30,840.000000,905.599976,820.000000,899.880005,897.526489,1117870
2020-01-31,906.979980,943.989990,892.000000,930.849976,928.415405,691875
2020-02-03,873.000000,979.000000,873.000000,949.309998,946.827148,999960
2020-02-04,964.000000,968.219971,943.000000,952.710022,950.218262,465105
2020-02-05,959.799988,961.599976,926.440002,931.190002,928.754578,294100
2020-02-06,937.580017,959.599976,929.010010,932.890015,930.450073,183835
2020-02-07,934.099976,938.359985,903.010010,919.469971,917.065186,221460
2020-02-10,922.000000,944.599976,912.200012,922.739990,920.326599,279155
2020-02-11,924.000000,939.000000,918.200012,923.830017,921.413757,159835
2020-02-12,933.799988,933.799988,920.200012,923.960022,921.543518,97460
2020-02-13,929.599976,952.000000,920.000000,938.530029,936.075317,347190
2020-02-14,943.900024,948.599976,887.539978,897.940002,895.591492,320295
2020-02-17,902.520020,929.200012,858.000000,907.169983,904.797302,596425
2020-02-18,906.000000,914.429993,891.400024,900.710022,898.354248,303165
2020-02-19,904.400024,915.799988,890.000000,895.280029,892.938477,285395
2020-02-20,897.780029,908.000000,860.000000,870.440002,868.163452,1705180
2020-02-24,857.500000,857.500000,816.000000,824.659973,822.503113,425365
2020-02-25,826.039978,852.900024,820.440002,829.679993,827.510071,294595
2020-02-26,826.000000,829.429993,800.440002,808.289978,806.175964,239545
2020-02-27,807.320007,829.000000,772.440002,803.530029,801.428467,445365
2020-02-28,774.000000,779.799988,752.400024,765.609985,763.607605,517055
2020-03-02,783.000000,819.590027,767.000000,787.020020,784.961609,458430
2020-03-03,797.590027,816.390015,774.929993,806.989990,804.879395,252535
2020-03-04,811.049988,819.000000,773.159973,778.530029,776.493896,203530
2020-03-05,789.000000,829.799988,778.309998,820.289978,818.144592,415730
2020-03-06,770.000000,897.539978,770.000000,886.119995,883.802429,983725
2020-03-09,876.000000,884.840027,843.690002,856.869995,854.628967,422245
2020-03-11,846.210022,909.000000,846.210022,859.349976,857.102356,546660
2020-03-12,825.000000,834.979980,774.489990,803.010010,800.909790,576215
2020-03-13,731.000000,821.090027,642.409973,783.969971,781.919556,419035
2020-03-16,764.000000,813.989990,745.200012,777.210022,775.177307,353175
2020-03-17,793.000000,809.590027,756.000000,766.130005,764.126221,254900
2020-03-18,783.599976,789.200012,711.020020,719.630005,717.747864,265605
2020-03-19,680.000000,680.039978,617.690002,649.770020,648.070618,452040
2020-03-20,652.049988,740.000000,652.049988,714.000000,712.132568,584705
2020-03-23,640.000000,680.000000,620.000000,643.369995,641.687317,214200
2020-03-24,651.020020,672.000000,598.119995,636.809998,635.935242,204945
2020-03-25,622.000000,666.000000,622.000000,652.250000,651.354004,187450
2020-03-26,665.799988,682.000000,650.239990,666.369995,665.454590,183075
2020-03-27,696.000000,699.799988,667.409973,678.270020,677.338318,159370
2020-03-30,642.000000,660.200012,630.200012,637.599976,636.724121,102705
2020-03-31,656.400024,739.200012,656.400024,715.969971,714.986511,553120
2020-04-01,720.429993,758.599976,695.000000,714.590027,713.608398,286565
2020-04-03,712.000000,718.799988,675.030029,685.869995,684.927856,197255
2020-04-07,716.729980,758.000000,689.299988,750.979980,749.948364,569950
2020-04-08,756.000000,792.000000,726.729980,753.849976,752.814453,211575
2020-04-09,767.000000,780.599976,760.000000,767.309998,766.255981,190870
2020-04-13,760.000000,771.789978,732.200012,737.549988,736.536865,63625
2020-04-15,757.000000,775.000000,728.200012,739.859985,738.843689,142050
2020-04-16,733.000000,793.989990,733.000000,782.090027,781.015686,269525
2020-04-17,809.539978,819.400024,772.739990,779.359985,778.289429,369485
2020-04-20,779.200012,803.000000,764.599976,793.219971,792.130310,129105
2020-04-21,785.109985,839.989990,762.799988,821.929993,820.800903,406515
2020-04-22,819.799988,850.400024,793.330017,838.650024,837.497986,417650
2020-04-23,850.000000,859.799988,830.000000,834.070007,832.924255,135270
2020-04-24,829.940002,847.000000,815.239990,840.479980,839.325500,237860
2020-04-27,840.479980,855.760010,830.000000,840.130005,838.975952,112435
2020-04-28,849.799988,874.989990,820.200012,863.669983,862.483643,191710
2020-04-29,869.799988,879.799988,830.599976,837.530029,836.379517,154910
2020-04-30,855.979980,939.200012,847.010010,914.280029,913.024109,704670
2020-05-04,900.000000,957.960022,881.000000,917.349976,916.089905,582690
2020-05-05,929.200012,940.010010,896.219971,902.719971,901.479919,317030
2020-05-06,904.000000,927.260010,874.989990,883.380005,882.166565,240960
2020-05-07,884.000000,897.599976,864.020020,870.489990,869.294250,195970
2020-05-08,878.799988,893.989990,846.030029,851.159973,849.990784,113790
2020-05-11,859.799988,875.599976,842.200012,847.039978,845.876465,126645
2020-05-12,848.119995,865.599976,837.000000,841.590027,840.433960,150515
2020-05-13,920.000000,920.000000,870.200012,873.869995,872.669556,347475
2020-05-14,869.989990,886.000000,857.030029,863.469971,862.283875,121370
2020-05-15,870.000000,885.599976,861.020020,881.270020,880.059448,164915
2020-05-18,888.919983,891.599976,840.000000,851.280029,850.110657,137905
2020-05-19,858.000000,874.000000,851.169983,860.349976,859.168091,122420
2020-05-20,860.400024,885.000000,857.210022,878.169983,876.963745,99865
2020-05-21,877.000000,898.599976,856.000000,859.260010,858.079712,208190
2020-05-22,859.799988,875.000000,848.419983,868.479980,867.286987,108560
2020-05-26,869.799988,907.989990,861.609985,899.989990,898.753784,231550
2020-05-27,910.000000,927.000000,905.010010,910.330017,909.079590,117830
2020-05-28,917.400024,930.000000,912.000000,926.599976,925.327148,161600
2020-05-29,920.450012,991.000000,920.450012,975.159973,973.820435,798170
2020-06-01,996.640015,1028.989990,996.000000,1010.299988,1008.912170,368750
2020-06-02,1015.000000,1049.800049,1002.340027,1039.500000,1038.072021,356895
2020-06-03,1052.979980,1115.000000,1042.000000,1076.989990,1075.510620,676895
2020-06-04,1084.000000,1092.000000,1029.000000,1036.109985,1034.686768,322970
2020-06-05,1034.000000,1044.000000,999.000000,1001.250000,999.874634,312085
2020-06-08,1011.989990,1019.979980,997.599976,1002.010010,1000.633545,120355
2020-06-09,1009.960022,1011.979980,990.650024,1008.140015,1006.755188,204265
2020-06-10,1010.419983,1015.989990,973.979980,1003.869995,1002.491028,157425
2020-06-11,1006.000000,1021.979980,973.000000,995.289978,993.922791,286685
2020-06-12,970.000000,1041.000000,967.039978,995.140015,993.773071,1581925
2020-06-15,1000.000000,1068.000000,995.140015,1058.349976,1056.896118,505850
2020-06-16,1073.800049,1088.000000,1050.000000,1060.680054,1059.223022,371215
2020-06-17,1062.199951,1079.800049,1042.650024,1067.670044,1066.203369,159080
2020-06-18,1073.030029,1120.000000,1068.329956,1113.369995,1111.840698,264115
2020-06-19,1123.770020,1149.599976,1120.209961,1137.449951,1135.887573,228815
2020-06-22,1149.800049,1149.800049,1104.000000,1109.219971,1107.696289,199655
2020-06-23,1113.000000,1200.000000,1113.000000,1181.420044,1179.797241,385800
2020-06-24,1216.000000,1216.000000,1122.000000,1132.319946,1130.764526,353315
2020-06-25,1130.000000,1155.800049,1106.449951,1138.729980,1137.165771,154475
2020-06-26,1146.000000,1154.989990,1109.339966,1115.719971,1114.187378,175335
2020-06-29,1117.599976,1128.000000,1080.000000,1110.239990,1108.714844,182760
2020-06-30,1120.000000,1160.000000,1100.099976,1151.780029,1150.197876,256655
2020-07-01,1154.959961,1185.000000,1134.000000,1174.790039,1173.176270,349350
2020-07-02,1197.599976,1199.800049,1166.260010,1191.599976,1189.963013,178895
2020-07-03,1190.000000,1199.599976,1168.000000,1196.680054,1195.036255,126945
2020-07-06,1192.050049,1208.000000,1185.010010,1193.469971,1191.830688,123140
2020-07-07,1195.000000,1195.959961,1170.000000,1176.310059,1174.694336,132965
2020-07-08,1179.989990,1230.000000,1179.989990,1217.280029,1215.607910,446095
2020-07-09,1224.000000,1267.199951,1210.400024,1244.109985,1242.401001,298260
2020-07-10,1244.109985,1265.800049,1234.000000,1246.020020,1244.308472,120970
2020-07-13,1246.099976,1300.000000,1246.099976,1293.560059,1291.783203,227970
2020-07-14,1295.000000,1333.199951,1248.400024,1272.400024,1270.652100,303300
2020-07-15,1300.000000,1317.000000,1274.000000,1293.410034,1291.633423,220275
2020-07-16,1296.199951,1312.989990,1284.449951,1289.699951,1287.928345,119110
2020-07-17,1297.979980,1307.000000,1289.099976,1293.849976,1292.072632,122840
2020-07-20,1298.979980,1408.560059,1285.000000,1366.250000,1364.373291,921750
2020-07-21,1391.430054,1432.010010,1372.000000,1424.069946,1422.113770,556235
2020-07-22,1431.199951,1503.989990,1382.650024,1475.229980,1473.203613,702010
2020-07-23,1490.000000,1555.400024,1482.790039,1529.630005,1527.528809,650090
2020-07-24,1519.800049,1560.000000,1500.000000,1537.349976,1535.238159,481280
2020-07-27,1539.989990,1539.989990,1434.250000,1474.189941,1472.165039,425080
2020-07-28,1489.800049,1489.979980,1402.199951,1417.880005,1415.932251,416680
2020-07-29,1430.000000,1459.000000,1417.000000,1450.140015,1448.148071,333455
2020-07-30,1460.000000,1470.000000,1405.050049,1410.250000,1408.312866,326150
2020-07-31,1499.979980,1545.979980,1443.420044,1526.739990,1524.642822,771375
2020-08-03,1559.000000,1671.599976,1544.030029,1593.680054,1591.490967,946750
2020-08-04,1628.800049,1670.000000,1541.689941,1592.750000,1590.562012,1234365
2020-08-05,1570.000000,1644.160034,1535.020020,1573.589966,1571.428345,1103385
2020-08-06,1574.000000,1580.000000,1541.000000,1544.630005,1542.508179,322355
2020-08-07,1540.010010,1570.000000,1505.000000,1557.310059,1555.170776,492240
2020-08-10,1580.000000,1625.989990,1560.000000,1609.469971,1607.259155,554110
2020-08-11,1640.000000,1696.000000,1600.400024,1603.560059,1601.357300,816835
2020-08-12,1610.000000,1628.339966,1570.199951,1617.250000,1615.028442,247510
2020-08-13,1626.790039,1630.000000,1590.000000,1620.500000,1618.274048,222490
2020-08-14,1629.800049,1636.469971,1575.329956,1587.880005,1585.698730,319905
2020-08-17,1600.589966,1607.729980,1548.180054,1563.119995,1560.972778,264045
2020-08-18,1579.800049,1597.400024,1550.000000,1576.489990,1574.324463,186925
2020-08-19,1585.569946,1637.800049,1576.489990,1597.020020,1594.826294,339790
2020-08-20,1599.599976,1622.979980,1580.199951,1608.199951,1605.990845,151350
2020-08-21,1620.000000,1633.969971,1606.000000,1615.770020,1613.550537,158990
2020-08-24,1630.000000,1656.040039,1590.000000,1624.790039,1622.558105,317425
2020-08-25,1630.319946,1652.479980,1629.329956,1643.599976,1641.342285,221025
2020-08-26,1648.000000,1676.000000,1645.020020,1668.609985,1666.317871,224845
2020-08-27,1676.609985,1730.000000,1662.599976,1722.839966,1720.473267,485610
2020-08-28,1740.000000,1764.800049,1658.000000,1662.599976,1660.316162,430285
2020-08-31,1675.579956,1675.579956,1582.910034,1618.989990,1616.765991,309265
2020-09-01,1596.800049,1678.400024,1583.000000,1659.040039,1656.761108,317075
2020-09-02,1659.949951,1670.000000,1616.000000,1663.459961,1661.174927,281465
2020-09-03,1670.000000,1699.800049,1662.000000,1683.869995,1681.556885,186150
2020-09-04,1633.089966,1729.800049,1633.089966,1717.300049,1714.941040,285495
2020-09-07,1718.000000,1800.000000,1717.300049,1784.020020,1781.569458,636160
2020-09-08,1799.800049,1955.400024,1764.780029,1920.939941,1918.301147,1252555
2020-09-09,1917.000000,1918.000000,1843.800049,1858.359985,1855.807251,541615
2020-09-10,1868.000000,1897.020020,1868.000000,1885.839966,1883.249512,264935
2020-09-11,1885.000000,1896.000000,1838.000000,1848.000000,1845.461426,417750
2020-09-14,1865.000000,2057.899902,1865.000000,1964.579956,1961.881226,988520
2020-09-15,1990.000000,2033.790039,1968.709961,2001.030029,1998.281250,351190
2020-09-16,2000.000000,2039.979980,1970.400024,1997.239990,1994.496460,229985
2020-09-17,1987.400024,1999.000000,1941.209961,1948.540039,1945.863403,194405
2020-09-18,1960.000000,1989.000000,1861.209961,1880.109985,1877.527344,755995
2020-09-21,1900.000000,1938.510010,1704.000000,1780.180054,1777.734741,532990
2020-09-22,1764.000000,1856.000000,1625.199951,1710.520020,1708.170410,698430
2020-09-23,1739.859985,1803.959961,1739.859985,1757.089966,1754.676270,562345
2020-09-24,1720.000000,1720.000000,1669.010010,1686.020020,1683.703979,637310
2020-09-25,1725.000000,1780.000000,1718.359985,1758.680054,1756.264282,146425
2020-09-28,1800.000000,1820.000000,1776.000000,1801.770020,1799.295044,152980
2020-09-29,1820.000000,1831.040039,1790.199951,1816.349976,1813.854980,140925
2020-09-30,1837.000000,1838.000000,1723.199951,1752.410034,1750.002808,198310
2020-10-01,1805.199951,1828.000000,1752.750000,1770.040039,1767.608521,92490
2020-10-05,1764.270020,1805.199951,1745.199951,1768.079956,1765.651245,87820
2020-10-06,1775.000000,1782.000000,1740.000000,1743.939941,1741.544434,65945
2020-10-07,1809.989990,1810.000000,1728.599976,1743.199951,1740.805420,574095
2020-10-08,1757.599976,1757.599976,1675.000000,1688.829956,1686.510132,252965
2020-10-09,1710.000000,1738.000000,1681.000000,1698.069946,1695.737427,127520
2020-10-12,1702.000000,1724.000000,1684.390015,1690.729980,1688.407471,257985
2020-10-13,1730.430054,1819.800049,1711.930054,1804.030029,1801.551880,501170
2020-10-14,1824.030029,1916.599976,1817.319946,1863.550049,1860.990234,614340
2020-10-15,1880.000000,1889.380005,1769.010010,1784.969971,1782.518066,228515
2020-10-16,1798.000000,1860.000000,1773.599976,1852.339966,1849.795532,246875
2020-10-19,1875.500000,1922.599976,1856.119995,1910.739990,1908.115356,338975
2020-10-20,1911.000000,1922.000000,1864.400024,1912.060059,1909.433594,186790
2020-10-21,1923.400024,1930.000000,1854.069946,1872.829956,1870.257324,196090
2020-10-22,1872.000000,1906.959961,1851.000000,1898.989990,1896.381470,111465
2020-10-23,1900.000000,1990.000000,1881.000000,1961.839966,1959.145142,326600
2020-10-26,1969.400024,2000.000000,1885.000000,1904.520020,1901.903809,255860
2020-10-27,1890.439941,1930.030029,1870.030029,1897.900024,1895.292969,140725
2020-10-28,1909.800049,1921.250000,1814.050049,1836.109985,1833.587891,156075
2020-10-29,1802.459961,1848.800049,1800.000000,1809.719971,1807.234009,147080
2020-10-30,1830.000000,1888.000000,1805.000000,1859.859985,1857.305176,375255
2020-11-02,1880.000000,1928.800049,1880.000000,1901.560059,1898.947998,324835
2020-11-03,1909.599976,1919.989990,1882.689941,1901.930054,1899.317383,113330
2020-11-04,1901.930054,1919.000000,1900.000000,1911.310059,1908.684570,64085
2020-11-05,1934.000000,2020.000000,1922.599976,2004.160034,2001.406982,404515
2020-11-06,2037.599976,2119.800049,1979.800049,2003.010010,2000.258545,795255
2020-11-09,2028.800049,2048.800049,1938.000000,1950.569946,1947.890503,405925
2020-11-10,1967.000000,1999.599976,1920.000000,1986.410034,1983.681274,279790
2020-11-11,1988.000000,1999.000000,1946.410034,1987.229980,1984.500244,214005
2020-11-12,2000.000000,2050.000000,1987.229980,2021.439941,2018.663208,180085
2020-11-13,2036.000000,2160.000000,2028.000000,2119.760010,2116.848145,266955
2020-11-14,2080.000000,2113.000000,2040.660034,2060.409912,2057.579590,109885
2020-11-17,2040.000000,2057.000000,1990.000000,2019.449951,2016.676025,227165
2020-11-18,2010.020020,2058.000000,2010.020020,2042.250000,2039.444702,116365
2020-11-19,2035.000000,2058.800049,2015.000000,2019.699951,2016.925659,144790
2020-11-20,2031.939941,2109.800049,2016.000000,2070.790039,2067.945313,284610
2020-11-23,2099.790039,2165.820068,2080.010010,2141.860107,2138.917969,333470
2020-11-24,2160.199951,2200.000000,2120.209961,2173.959961,2170.973633,259905
2020-11-25,2194.000000,2195.959961,2160.600098,2181.979980,2178.982666,181430
2020-11-26,2189.989990,2298.000000,2150.399902,2275.570068,2272.444336,331865
2020-11-27,2289.600098,2397.600098,2280.000000,2375.969971,2372.706299,806985
2020-12-01,2398.000000,2398.000000,2280.000000,2306.889893,2303.721191,239270
2020-12-02,2304.199951,2336.340088,2254.989990,2279.889893,2276.758301,140735
2020-12-03,2275.000000,2322.419922,2275.000000,2285.899902,2282.760010,135255
2020-12-04,2299.689941,2309.229980,2260.000000,2276.429932,2273.302979,187540
2020-12-07,2298.399902,2312.610107,2276.429932,2304.610107,2301.444336,88170
2020-12-08,2363.000000,2392.979980,2352.000000,2362.860107,2359.614502,445720
2020-12-09,2368.600098,2388.000000,2358.000000,2370.500000,2367.243652,175565
2020-12-10,2370.399902,2479.399902,2330.000000,2419.000000,2415.677246,345715
2020-12-11,2440.000000,2556.000000,2424.199951,2526.120117,2522.649902,314695
2020-12-14,2557.800049,2679.159912,2553.000000,2580.100098,2576.555908,317025
2020-12-15,2622.909912,2631.550049,2555.000000,2607.580078,2603.998291,131335
2020-12-16,2636.580078,2739.000000,2590.199951,2666.989990,2663.326660,484625
2020-12-17,2691.000000,2753.780029,2681.399902,2743.270020,2739.501465,208200
2020-12-18,2769.000000,2781.969971,2654.760010,2670.540039,2666.871582,206770
2020-12-21,2705.600098,2719.989990,2541.760010,2592.530029,2588.968750,461275
2020-12-22,2580.439941,2649.750000,2465.030029,2502.340088,2498.902832,386290
2020-12-23,2557.000000,2648.530029,2507.409912,2529.530029,2526.055420,264335
2020-12-24,2550.229980,2593.770020,2540.000000,2543.600098,2540.106201,166455
2020-12-28,2573.169922,2724.770020,2567.219971,2698.409912,2694.703125,428805
2020-12-29,2748.800049,2778.800049,2672.000000,2680.469971,2676.787842,264235
2020-12-30,2700.000000,2714.199951,2660.370117,2673.689941,2670.017334,136310
2020-12-31,2688.800049,2756.000000,2660.399902,2689.709961,2686.015381,193780
2021-01-01,2702.810059,2730.000000,2696.000000,2724.379883,2720.637451,75565
2021-01-04,2742.000000,2797.600098,2720.000000,2754.600098,2750.816162,215375
2021-01-05,2754.000000,2825.199951,2680.649902,2806.199951,2802.345215,285640
2021-01-06,2820.199951,2974.989990,2810.020020,2889.070068,2885.101563,334100
2021-01-07,3000.000000,3190.000000,2967.889893,3130.540039,3126.239990,522750
2021-01-08,3228.800049,3357.199951,2991.000000,3073.810059,3069.587646,867915
2021-01-11,3125.000000,3159.800049,2937.209961,2963.830078,2959.759033,450465
2021-01-12,2973.000000,3030.000000,2902.399902,3006.129883,3002.000732,330330
2021-01-13,3040.000000,3055.939941,2883.870117,2908.030029,2904.035400,464410
2021-01-14,2940.000000,3039.800049,2815.000000,2974.679932,2970.593750,805465
2021-01-15,3088.879883,3119.800049,2945.000000,2979.489990,2975.397217,603260
2021-01-18,2999.800049,3088.800049,2944.199951,3063.139893,3058.932129,439515
2021-01-19,3099.800049,3120.000000,3036.399902,3054.149902,3049.954590,438355
2021-01-20,3069.600098,3081.419922,2967.469971,3021.239990,3017.089600,214525
2021-01-21,3034.000000,3058.000000,2927.820068,2935.860107,2931.827393,273800
2021-01-22,2940.060059,2949.949951,2683.909912,2818.510010,2814.638428,425945
2021-01-25,2850.000000,2896.800049,2740.000000,2749.189941,2745.413330,387750
2021-01-27,2784.000000,2854.989990,2736.399902,2795.139893,2791.300293,256215
2021-01-28,2776.000000,2840.000000,2768.330078,2807.919922,2804.062988,172370
2021-01-29,2842.000000,2855.449951,2806.000000,2825.500000,2821.618652,166080
2021-02-01,2859.800049,3094.989990,2840.000000,3036.040039,3031.869629,555735
2021-02-02,3099.800049,3177.000000,3060.199951,3139.320068,3135.007568,679385
2021-02-03,3220.000000,3299.000000,3092.510010,3175.850098,3171.487549,830365
2021-02-04,3177.600098,3254.000000,3120.000000,3216.439941,3212.021729,448730
2021-02-05,3245.000000,3350.000000,3140.000000,3262.030029,3257.549072,639090
2021-02-08,3308.800049,3495.000000,3300.000000,3457.419922,3452.670654,524065
2021-02-09,3520.000000,3650.000000,3490.209961,3547.550049,3542.676758,580505
2021-02-10,3615.399902,3815.979980,3601.830078,3745.689941,3740.544678,666120
2021-02-11,3900.000000,3980.000000,3770.080078,3887.879883,3882.539063,581075
2021-02-12,3940.000000,3940.000000,3670.379883,3734.620117,3729.490234,503500
2021-02-15,3680.000000,3833.399902,3600.000000,3716.510010,3711.404785,429790
2021-02-16,3740.000000,3799.800049,3690.620117,3724.100098,3718.984375,194935
2021-02-17,3739.489990,3865.000000,3695.939941,3838.189941,3832.917480,300320
2021-02-18,3920.000000,4037.979980,3870.020020,3991.879883,3986.396484,515310
2021-02-19,3958.000000,4027.179932,3842.000000,3895.850098,3890.498291,297515
2021-02-22,3905.000000,3920.000000,3725.120117,3743.070068,3737.928467,314175
2021-02-23,3743.070068,3895.000000,3696.000000,3848.870117,3843.583008,343545
2021-02-24,3907.939941,3995.000000,3800.199951,3971.340088,3965.885010,199965
2021-02-25,4013.000000,4089.600098,3995.120117,4046.310059,4040.751709,360840
2021-02-26,3950.000000,4020.000000,3920.209961,3969.780029,3964.326904,260255
2021-03-01,4019.399902,4039.800049,3862.000000,3896.699951,3891.347412,196020
2021-03-02,3928.000000,3959.750000,3760.000000,3772.879883,3767.697266,212205
2021-03-03,3837.600098,3980.000000,3750.010010,3855.379883,3850.083984,349735
2021-03-04,3840.000000,3940.000000,3782.020020,3912.120117,3906.746338,186695
2021-03-05,3872.000000,3939.840088,3788.000000,3826.179932,3820.924316,172365
2021-03-08,3859.600098,3879.110107,3782.020020,3801.209961,3795.988525,104190
2021-03-09,3920.000000,4058.000000,3840.000000,3902.270020,3896.909668,498045
2021-03-10,3957.139893,4040.000000,3912.810059,4020.750000,4015.226807,196025
2021-03-12,4090.000000,4169.839844,4041.810059,4129.330078,4123.657715,400110
2021-03-15,4196.000000,4299.799805,4101.000000,4177.430176,4171.691895,410255
2021-03-16,4229.799805,4235.919922,4120.000000,4144.930176,4139.236328,204120
2021-03-17,4144.200195,4169.600098,4000.000000,4014.989990,4009.475098,1434525
2021-03-18,4104.899902,4457.700195,4104.899902,4240.299805,4234.475098,926780
2021-03-19,4233.799805,4414.000000,4200.000000,4267.250000,4261.388184,423802
2021-03-22,4285.000000,4285.399902,4039.000000,4053.649902,4048.081543,430794
2021-03-23,4053.649902,4118.000000,3850.000000,3868.850098,3863.535645,504652
2021-03-24,3829.949951,3869.350098,3612.100098,3676.399902,3671.349854,717247
2021-03-25,3676.000000,3676.000000,3345.149902,3593.300049,3588.364258,998973
2021-03-26,3749.000000,3800.000000,3560.000000,3624.600098,3619.621094,548548
2021-03-30,3740.000000,3765.000000,3620.000000,3635.550049,3630.556152,421857
2021-03-31,3630.000000,3709.899902,3571.100098,3672.149902,3667.105713,250372
2021-04-01,3702.449951,3720.000000,3571.500000,3588.050049,3583.121338,374644
2021-04-05,3599.949951,3611.000000,3465.550049,3496.899902,3492.096436,397173
2021-04-06,3503.350098,3540.000000,3421.399902,3482.699951,3477.916016,347873
2021-04-07,3490.100098,3650.000000,3483.000000,3613.899902,3608.935547,620357
2021-04-08,3735.000000,3797.000000,3682.100098,3734.500000,3729.370117,630918
2021-04-09,3730.000000,3799.949951,3700.000000,3758.649902,3753.487061,292284
2021-04-12,3636.600098,3640.000000,3500.000000,3557.550049,3552.663086,374246
2021-04-13,3533.000000,3598.000000,3505.000000,3520.800049,3515.963623,194924
2021-04-15,3510.000000,3545.750000,3460.000000,3497.100098,3492.296387,227889
2021-04-16,3520.000000,3775.000000,3502.199951,3736.350098,3731.217529,442400
2021-04-19,3560.000000,3860.000000,3535.000000,3830.449951,3825.188232,613612
2021-04-20,3848.000000,3973.800049,3843.000000,3934.750000,3929.344971,585780
2021-04-22,3949.000000,3988.000000,3850.000000,3940.300049,3934.887695,244326
2021-04-23,3919.000000,3950.000000,3870.000000,3895.550049,3890.198975,187206
2021-04-26,3890.000000,3965.000000,3840.100098,3895.199951,3889.849365,243171
2021-04-27,3931.000000,4057.850098,3902.100098,4033.699951,4028.159180,357654
2021-04-28,4089.000000,4207.000000,4080.000000,4172.850098,4167.118164,334186
2021-04-29,4215.000000,4265.649902,4090.000000,4235.350098,4229.532227,319077
2021-04-30,4175.000000,4248.000000,4150.000000,4201.799805,4196.027832,228750
2021-05-03,4150.000000,4278.000000,4122.200195,4250.950195,4245.110840,189552
2021-05-04,4281.250000,4320.000000,4105.250000,4134.100098,4128.421387,231441
2021-05-05,4134.000000,4207.100098,4062.000000,4118.200195,4112.543457,141151
2021-05-06,4170.000000,4185.000000,4104.350098,4119.500000,4113.840820,102790
2021-05-07,4137.250000,4150.000000,3901.000000,3954.750000,3949.317627,264832
2021-05-10,3960.000000,4010.500000,3816.000000,3866.600098,3861.288818,268649
2021-05-11,3887.949951,3988.949951,3830.000000,3963.399902,3957.955322,191647
2021-05-12,3986.000000,3999.000000,3906.100098,3955.300049,3949.866943,126100
2021-05-14,3960.000000,3996.600098,3900.000000,3954.000000,3948.568359,108287
2021-05-17,3952.000000,3969.850098,3905.100098,3950.850098,3945.422852,115367
2021-05-18,3950.000000,3990.000000,3905.000000,3926.649902,3921.256104,165018
2021-05-19,3943.000000,3970.000000,3890.649902,3920.199951,3914.814941,174422
2021-05-20,3925.000000,3929.050049,3852.649902,3903.699951,3898.337646,159197
2021-05-21,3930.000000,3979.000000,3907.000000,3944.850098,3939.431152,128784
2021-05-24,3979.000000,4040.000000,3895.250000,3906.350098,3900.984131,210338
2021-05-25,3941.550049,3960.000000,3895.000000,3923.149902,3917.760742,174960
2021-05-26,3947.800049,3967.750000,3895.000000,3902.550049,3897.189209,116664
2021-05-27,3924.949951,4005.000000,3910.000000,3993.399902,3987.914307,279612
2021-05-28,3950.000000,4100.000000,3850.000000,3996.649902,3991.159912,395716
2021-05-31,4019.949951,4050.000000,3950.449951,4028.800049,4023.265869,184225
2021-06-01,4050.000000,4199.000000,4020.500000,4107.399902,4101.757813,469661
2021-06-02,4110.000000,4260.000000,4110.000000,4236.850098,4231.029785,438230
2021-06-03,4280.000000,4375.000000,4268.250000,4324.250000,4318.309570,338124
2021-06-04,4372.000000,4395.000000,4250.000000,4287.250000,4281.360840,261199
2021-06-07,4318.799805,4330.200195,4209.049805,4267.200195,4261.338379,170078
2021-06-08,4268.950195,4293.450195,4194.149902,4226.299805,4220.494141,158150
2021-06-09,4239.000000,4239.000000,4159.600098,4195.850098,4190.086426,177947
2021-06-10,4196.000000,4285.000000,4175.250000,4193.350098,4187.589844,196321
2021-06-11,4198.899902,4235.000000,4141.350098,4189.500000,4183.745117,133044
2021-06-14,4175.000000,4211.000000,4092.500000,4177.600098,4171.861816,143615
2021-06-15,4199.799805,4260.000000,4180.049805,4244.850098,4239.019531,158088
2021-06-16,4257.000000,4257.000000,4154.049805,4193.350098,4187.589844,127603
2021-06-17,4155.000000,4335.000000,4125.000000,4299.149902,4293.244141,345021
2021-06-18,4348.000000,4480.000000,4285.000000,4427.149902,4421.068848,580400
2021-06-21,4425.100098,4644.899902,4351.100098,4588.250000,4581.947266,585887
2021-06-22,4629.850098,4682.600098,4505.100098,4554.549805,4548.293457,278384
2021-06-23,4589.899902,4625.000000,4451.700195,4483.350098,4477.191895,254051
2021-06-24,4490.000000,4585.299805,4426.000000,4554.250000,4547.993652,173101
2021-06-25,4570.000000,4585.000000,4486.000000,4499.100098,4492.919922,168343
2021-06-28,4515.000000,4540.500000,4457.899902,4474.700195,4468.553711,109722
2021-06-29,4501.000000,4542.000000,4451.000000,4477.750000,4471.599121,92226
2021-06-30,4510.000000,4510.000000,4410.000000,4421.049805,4414.977051,116078
2021-07-01,4434.000000,4452.799805,4370.000000,4411.500000,4405.439941,109260
2021-07-02,4480.000000,4611.000000,4460.000000,4518.850098,4512.642578,394815
2021-07-05,4555.000000,4645.000000,4555.000000,4609.450195,4603.118652,206435
2021-07-06,4635.000000,4655.549805,4571.200195,4609.950195,4603.617676,113324
2021-07-07,4613.500000,4613.500000,4477.700195,4524.450195,4518.235352,291088
2021-07-08,4549.000000,4584.000000,4509.000000,4530.500000,4524.276855,159704
2021-07-09,4516.000000,4607.700195,4516.000000,4585.649902,4579.350586,166351
2021-07-12,4594.000000,4617.700195,4485.049805,4551.149902,4544.898438,172835
2021-07-13,4570.950195,4700.000000,4527.000000,4586.200195,4579.899902,277795
2021-07-14,4609.850098,4639.700195,4551.000000,4593.100098,4586.791016,135496
2021-07-15,4592.000000,4670.000000,4550.000000,4645.500000,4639.118164,233013
2021-07-16,4669.950195,4735.000000,4629.000000,4646.299805,4639.916992,165373
2021-07-19,4630.000000,4648.950195,4530.000000,4562.399902,4556.133301,184851
2021-07-20,4580.000000,4625.000000,4452.000000,4576.600098,4570.313965,181129
2021-07-22,4599.000000,4638.950195,4540.100098,4586.399902,4580.099609,126503
2021-07-23,4619.000000,4619.000000,4532.899902,4550.399902,4544.149414,100993
2021-07-26,4584.000000,4584.000000,4515.500000,4530.500000,4524.276855,80891
2021-07-27,4566.950195,4615.000000,4410.000000,4518.100098,4511.894043,333481
2021-07-28,4450.000000,4479.899902,4351.000000,4415.649902,4409.583984,305983
2021-07-29,4428.000000,4448.100098,4205.000000,4234.649902,4228.833008,269502
2021-07-30,4229.899902,4326.799805,4212.700195,4304.600098,4298.687012,284065
2021-08-02,4322.000000,4367.200195,4304.600098,4348.600098,4342.626465,154217
2021-08-03,4369.850098,4369.850098,4261.049805,4272.649902,4266.780762,132467
2021-08-04,4289.750000,4343.000000,4223.000000,4235.049805,4229.231934,139863
2021-08-05,4269.000000,4349.000000,4220.200195,4312.100098,4306.176758,162743
2021-08-06,4313.100098,4334.200195,4261.000000,4285.250000,4279.363770,78610
2021-08-09,4300.000000,4345.000000,4263.899902,4286.100098,4280.212402,120251
2021-08-10,4302.000000,4418.000000,4250.000000,4288.250000,4282.359863,245662
2021-08-11,4290.000000,4317.899902,4116.100098,4198.700195,4192.932617,167422
2021-08-12,4209.649902,4238.950195,4156.149902,4197.299805,4191.534180,173368
2021-08-13,4217.950195,4232.850098,4170.000000,4214.250000,4208.460938,147617
2021-08-16,4203.000000,4207.000000,4150.000000,4156.000000,4150.291016,92774
2021-08-17,4157.000000,4186.549805,4071.000000,4099.350098,4093.718994,262127
2021-08-18,4126.000000,4140.000000,4070.000000,4099.350098,4093.718994,172889
2021-08-20,4071.000000,4081.949951,4000.000000,4043.300049,4037.745850,234130
2021-08-23,4043.300049,4096.299805,3900.000000,3910.149902,3904.778809,258652
2021-08-24,3890.000000,3890.000000,3760.000000,3818.750000,3813.504639,446228
2021-08-25,3850.000000,3985.000000,3804.000000,3825.850098,3820.594727,311769
2021-08-26,3871.000000,4088.000000,3841.449951,4042.699951,4037.146729,530804
2021-08-27,4065.000000,4146.950195,4008.750000,4046.250000,4040.691650,401027
2021-08-30,4080.000000,4185.000000,4001.100098,4115.200195,4109.547363,313229
2021-08-31,4148.000000,4222.899902,4105.049805,4160.399902,4154.685059,241465
2021-09-01,4160.399902,4197.850098,4132.500000,4142.700195,4137.009766,219818
2021-09-02,4141.000000,4330.000000,4140.950195,4294.250000,4288.351074,630735
2021-09-03,4312.000000,4337.200195,4221.399902,4240.200195,4234.375977,311469
2021-09-06,4250.000000,4310.000000,4240.100098,4288.250000,4282.359863,224937
2021-09-07,4250.549805,4348.000000,4200.600098,4326.149902,4320.207031,337337
2021-09-08,4349.700195,4399.899902,4274.049805,4310.350098,4304.429199,378818
2021-09-09,4308.000000,4367.299805,4292.000000,4317.200195,4311.270020,166912
2021-09-13,4315.000000,4346.850098,4251.049805,4306.750000,4300.833984,199587
2021-09-14,4324.399902,4336.350098,4263.049805,4289.149902,4283.258301,185828
2021-09-15,4270.000000,4288.000000,4222.000000,4271.750000,4265.882324,214241
2021-09-16,4255.000000,4290.000000,4232.000000,4251.450195,4245.609863,194925
2021-09-17,4261.000000,4320.200195,4150.799805,4245.100098,4239.268555,411526
2021-09-20,4220.000000,4253.250000,4118.000000,4168.700195,4163.954590,210959
2021-09-21,4150.549805,4154.850098,3992.649902,4107.450195,4102.774414,320353
2021-09-22,4051.100098,4200.250000,4025.649902,4163.149902,4158.410645,256361
2021-09-23,4222.000000,4460.000000,4211.049805,4396.299805,4391.295410,1142122
2021-09-24,4434.000000,4479.850098,4351.549805,4380.049805,4375.063965,519411
2021-09-27,4387.000000,4520.000000,4306.000000,4491.950195,4486.836914,619728
2021-09-28,4518.000000,4565.000000,4405.000000,4449.399902,4444.334961,401700
2021-09-29,4360.000000,4488.000000,4325.000000,4465.399902,4460.316406,210299
2021-09-30,4484.500000,4644.000000,4450.000000,4611.899902,4606.649902,525326
2021-10-01,4579.750000,4900.000000,4545.600098,4844.600098,4839.084961,1281816
2021-10-04,4939.950195,5072.299805,4830.000000,4859.799805,4854.267578,872863
2021-10-05,4856.000000,4948.000000,4800.000000,4830.500000,4825.000977,318724
2021-10-06,4848.000000,4967.000000,4755.399902,4834.750000,4829.246582,513752
2021-10-07,4852.000000,4962.000000,4835.000000,4865.799805,4860.260742,288641
2021-10-08,4922.000000,5352.350098,4880.000000,5254.100098,5248.119141,1254493
2021-10-11,5400.000000,5570.000000,5201.149902,5393.700195,5387.560059,1391361
2021-10-12,5390.000000,5566.000000,5370.950195,5463.500000,5457.280762,629407
2021-10-13,5504.000000,5610.000000,5409.049805,5503.899902,5497.634277,469551
2021-10-14,5555.750000,5650.000000,5490.000000,5511.299805,5505.025879,518320
2021-10-18,5632.000000,5810.950195,5600.500000,5753.450195,5746.900391,702407
2021-10-19,5845.000000,6243.600098,5555.000000,5721.299805,5714.786621,1424218
2021-10-20,5720.000000,5720.000000,4876.049805,5209.350098,5203.419922,1599280
2021-10-21,5260.000000,5375.000000,5032.549805,5267.850098,5261.853027,761038
2021-10-22,5340.000000,5368.000000,5050.100098,5112.049805,5106.230469,457706
2021-10-25,5130.000000,5156.100098,4801.000000,4831.200195,4825.700195,542138
2021-10-26,4832.000000,5217.750000,4735.000000,5161.100098,5155.224609,766074
2021-10-27,5181.899902,5258.799805,5111.250000,5146.250000,5140.391602,338358
2021-10-28,5163.899902,5276.950195,5044.049805,5160.450195,5154.575684,366271
2021-10-29,5085.000000,5138.750000,4750.000000,4993.549805,4987.865723,590431
2021-11-01,4993.000000,5344.700195,4990.000000,5306.100098,5300.060059,590178
2021-11-02,5300.000000,5530.000000,5284.850098,5493.500000,5487.246582,953558
2021-11-03,5539.000000,5644.000000,5516.299805,5561.700195,5555.368652,531933
2021-11-04,5597.100098,5643.299805,5562.750000,5590.500000,5584.136230,86356
2021-11-08,5610.000000,5633.250000,5478.750000,5535.450195,5529.148438,220281
2021-11-09,5537.000000,5724.450195,5501.100098,5595.250000,5588.880859,478929
2021-11-10,5600.000000,5600.000000,5490.500000,5527.299805,5521.007813,235172
2021-11-11,5530.000000,5568.700195,5360.549805,5382.649902,5376.522461,294989
2021-11-12,5435.000000,5524.000000,5340.600098,5405.850098,5399.696289,326988
2021-11-15,5459.399902,5486.799805,5361.000000,5410.549805,5404.390625,254771
2021-11-16,5444.600098,5597.950195,5361.049805,5479.350098,5473.112305,410389
2021-11-17,5479.950195,5533.000000,5415.000000,5449.100098,5442.896973,214352
2021-11-18,5439.000000,5522.049805,5230.100098,5388.450195,5382.316406,331117
2021-11-22,5417.000000,5417.000000,5000.000000,5067.549805,5061.781250,674665
2021-11-23,5045.000000,5120.000000,4940.100098,5084.000000,5078.212402,405040
2021-11-24,5120.000000,5147.950195,5051.000000,5077.549805,5071.769531,267731
2021-11-25,5125.000000,5300.000000,5082.049805,5222.250000,5216.305176,549167
2021-11-26,5200.000000,5209.950195,5007.250000,5102.500000,5096.691895,383534
2021-11-29,4935.000000,5149.450195,4831.799805,5003.799805,4998.104004,500363
2021-11-30,5006.000000,5175.000000,5006.000000,5100.700195,5094.893555,431979
2021-12-01,5100.500000,5180.649902,5051.000000,5077.750000,5071.969727,201529
2021-12-02,5083.000000,5122.950195,5040.500000,5095.649902,5089.849121,213511
2021-12-03,5125.000000,5267.200195,5100.100098,5178.649902,5172.754395,358752
2021-12-06,5200.000000,5256.299805,5090.049805,5112.100098,5106.280762,279535
2021-12-07,5150.000000,5234.500000,5111.000000,5220.500000,5214.557129,224558
2021-12-08,5280.000000,5399.000000,5251.000000,5377.399902,5371.278809,398399
2021-12-09,5400.000000,5429.899902,5370.000000,5389.200195,5383.065430,173816
2021-12-10,5423.000000,5573.450195,5389.200195,5544.450195,5538.138672,435142
2021-12-13,5620.000000,5858.549805,5580.000000,5708.500000,5702.001465,814233
2021-12-14,5679.799805,5679.799805,5485.000000,5529.350098,5523.055664,326000
2021-12-15,5560.000000,5659.799805,5501.100098,5584.750000,5578.392578,329240
2021-12-16,5606.600098,5719.000000,5500.100098,5526.350098,5520.059082,412128
2021-12-17,5550.200195,5611.549805,5358.200195,5383.549805,5377.421387,295610
2021-12-20,5250.000000,5274.950195,5055.000000,5227.000000,5221.049805,444162
2021-12-21,5318.299805,5531.149902,5250.049805,5501.450195,5495.187500,496834
2021-12-22,5531.000000,5620.000000,5331.700195,5413.250000,5407.087891,765586
2021-12-23,5362.000000,5499.899902,5342.000000,5369.100098,5362.988281,414245
2021-12-24,5388.000000,5469.000000,5384.950195,5423.399902,5417.226074,343496
2021-12-27,5423.000000,5660.000000,5337.100098,5617.350098,5610.955566,500006
2021-12-28,5706.399902,5726.000000,5576.250000,5598.500000,5592.126953,510809
2021-12-29,5578.000000,5632.649902,5540.000000,5554.799805,5548.476563,183001
2021-12-30,5543.500000,5584.549805,5500.000000,5555.500000,5549.175781,188151
2021-12-31,5575.000000,5600.000000,5491.149902,5509.549805,5503.277832,220185
2022-01-03,5526.000000,5573.100098,5505.000000,5517.100098,5510.819824,161271
2022-01-04,5540.000000,5554.700195,5442.200195,5480.950195,5474.710449,157713
2022-01-05,5479.000000,5479.000000,5300.000000,5312.950195,5306.901855,356761
2022-01-06,5300.000000,5347.799805,5220.000000,5338.500000,5332.422852,276201
2022-01-07,5390.850098,5392.950195,5280.000000,5295.049805,5289.021973,227966
2022-01-10,5322.000000,5356.950195,5278.000000,5290.200195,5284.178223,174787
2022-01-11,5296.500000,5328.299805,5258.649902,5265.100098,5259.106445,168200
2022-01-12,5306.750000,5369.000000,5241.000000,5266.000000,5260.005371,261993
2022-01-13,5330.000000,5352.950195,5245.899902,5269.450195,5263.451660,188976
2022-01-14,5250.000000,5310.000000,5245.899902,5268.350098,5262.353027,92897
2022-01-17,5280.000000,5410.000000,5255.000000,5388.100098,5381.966309,325628
2022-01-18,5440.000000,5444.100098,5181.000000,5235.649902,5229.689941,286207
2022-01-19,5260.000000,5303.700195,5210.000000,5259.200195,5253.213379,258538
2022-01-20,5263.000000,5287.399902,5210.000000,5226.250000,5220.300781,132290
2022-01-21,5170.000000,5227.000000,4941.549805,4979.250000,4973.582031,341256
2022-01-24,4980.000000,4997.000000,4588.000000,4620.549805,4615.290039,913867
2022-01-25,4590.000000,4725.000000,4411.000000,4552.100098,4546.918457,589319
2022-01-27,4525.000000,4525.000000,4379.049805,4390.549805,4385.551758,528674
2022-01-28,4400.000000,4829.600098,4117.500000,4392.000000,4387.000000,1205399
2022-01-31,4300.000000,4524.950195,4189.250000,4407.250000,4402.232910,1138496
2022-02-01,4510.000000,4549.000000,4403.549805,4437.799805,4432.747559,486888
2022-02-02,4478.100098,4659.950195,4468.149902,4628.399902,4623.130859,495843
2022-02-03,4656.000000,4659.000000,4500.000000,4525.049805,4519.898926,275028
2022-02-04,4550.000000,4555.549805,4456.700195,4492.549805,4487.435547,236324
2022-02-07,4500.000000,4519.000000,4360.000000,4397.250000,4392.244629,234439
2022-02-08,4421.799805,4444.000000,4258.000000,4312.850098,4307.940918,339528
2022-02-09,4350.000000,4499.000000,4325.649902,4485.000000,4479.894531,268806
2022-02-10,4500.000000,4538.000000,4448.399902,4499.549805,4494.427734,156483
2022-02-11,4474.000000,4474.000000,4350.000000,4364.549805,4359.581055,247863
2022-02-14,4202.250000,4273.450195,4129.000000,4146.500000,4141.779785,331141
2022-02-15,4181.899902,4319.950195,4144.100098,4297.950195,4293.057129,301791
2022-02-16,4330.000000,4352.000000,4225.100098,4272.899902,4268.035645,265377
2022-02-17,4288.000000,4329.950195,4183.549805,4193.500000,4188.726563,282927
2022-02-18,4165.000000,4220.500000,4038.600098,4069.600098,4064.967285,344777
2022-02-21,4050.000000,4207.750000,3974.050049,4086.800049,4082.147949,444662
2022-02-22,3970.000000,4182.100098,3936.949951,4159.500000,4154.765137,397077
2022-02-23,4200.000000,4285.000000,4180.000000,4237.450195,4232.626465,381395
2022-02-24,4095.000000,4158.850098,4002.000000,4049.600098,4044.990234,544656
2022-02-25,4132.000000,4454.549805,4128.000000,4434.149902,4429.102051,660996
2022-02-28,4340.000000,4351.000000,4242.250000,4318.250000,4313.334473,345385
2022-03-02,4282.200195,4344.000000,4241.000000,4280.799805,4275.926758,202688
2022-03-03,4332.250000,4378.200195,4209.049805,4222.200195,4217.393555,188372
2022-03-04,4200.000000,4222.100098,4130.000000,4151.649902,4146.923828,213189
2022-03-07,4025.000000,4095.000000,3937.000000,4060.649902,4056.027344,263177
2022-03-08,4051.000000,4136.950195,4003.000000,4073.750000,4069.112549,198639
2022-03-09,4080.000000,4150.000000,4052.000000,4092.350098,4087.691650,243486
2022-03-10,4224.000000,4224.000000,4095.000000,4125.350098,4120.653809,309356
2022-03-11,4125.000000,4194.950195,4095.000000,4153.950195,4149.221680,184965
2022-03-14,4160.000000,4459.950195,4115.000000,4336.600098,4331.663574,492943
2022-03-15,4376.000000,4423.000000,4253.049805,4284.200195,4279.323242,340580
2022-03-16,4325.000000,4499.950195,4322.000000,4413.200195,4408.176758,533766
2022-03-17,4488.000000,4545.000000,4454.000000,4478.600098,4473.501953,816551
2022-03-21,4507.000000,4528.000000,4421.149902,4508.399902,4503.267578,198594
2022-03-22,4488.850098,4499.000000,4343.600098,4374.000000,4369.020508,333424
2022-03-23,4412.899902,4448.399902,4361.250000,4386.399902,4381.406250,238711
2022-03-24,4375.000000,4400.000000,4300.000000,4323.149902,4318.229004,136201
2022-03-25,4342.600098,4415.899902,4266.000000,4278.200195,4273.329590,175998
2022-03-28,4299.000000,4299.500000,4041.350098,4174.350098,4169.598145,327200
2022-03-29,4177.000000,4339.250000,4177.000000,4232.850098,4228.031738,425450
2022-03-30,4288.000000,4384.000000,4265.549805,4366.299805,4361.329590,293916
2022-03-31,4370.000000,4383.950195,4291.000000,4308.799805,4303.895020,257765
2022-04-01,4332.350098,4398.950195,4311.049805,4361.000000,4356.035645,179079
2022-04-04,4389.350098,4435.000000,4364.600098,4404.350098,4399.336426,165167
2022-04-05,4425.000000,4690.000000,4411.000000,4638.700195,4633.419434,730562
2022-04-06,4631.000000,4658.100098,4566.750000,4592.350098,4587.122559,324809
2022-04-07,4579.500000,4584.950195,4450.000000,4463.399902,4458.318848,284085
2022-04-08,4460.000000,4555.000000,4460.000000,4475.750000,4470.654785,186775
2022-04-11,4475.750000,4476.000000,4375.000000,4416.350098,4411.322754,193326
2022-04-12,4405.049805,4409.950195,4315.549805,4347.000000,4342.051270,176685
2022-04-13,4360.000000,4485.250000,4360.000000,4431.850098,4426.805176,329016
2022-04-18,4400.000000,4400.000000,4285.200195,4308.899902,4303.995117,205431
2022-04-19,4340.000000,4374.000000,4143.500000,4197.000000,4192.222168,201974
2022-04-20,4229.950195,4275.950195,4163.149902,4221.100098,4216.294922,186501
2022-04-21,4271.000000,4308.700195,4241.649902,4294.649902,4289.761230,128861
2022-04-22,4250.000000,4325.799805,4250.000000,4298.600098,4293.707031,184339
2022-04-25,4270.000000,4337.399902,4229.950195,4312.950195,4308.040039,177251
2022-04-26,4344.950195,4389.000000,4312.950195,4340.250000,4335.309082,117135
2022-04-27,4310.000000,4350.000000,4255.549805,4314.950195,4310.038086,142412
2022-04-28,4325.950195,4384.000000,4299.750000,4371.250000,4366.273926,175712
2022-04-29,4398.850098,4424.149902,4356.200195,4396.250000,4391.245605,157562
2022-05-02,4211.000000,4267.649902,3967.850098,3994.850098,3990.302490,1459355
2022-05-04,4001.000000,4105.500000,3780.000000,3810.449951,3806.112305,1013739
2022-05-05,3860.000000,3994.699951,3821.000000,3949.550049,3945.053955,573084
2022-05-06,3850.000000,3997.000000,3765.199951,3909.600098,3905.149414,634087
2022-05-09,3890.000000,3933.100098,3766.000000,3824.250000,3819.896729,315873
2022-05-10,3810.000000,3850.000000,3547.300049,3680.100098,3675.910889,907244
2022-05-11,3700.000000,3747.600098,3400.000000,3511.800049,3507.802246,882549
2022-05-12,3494.949951,3509.949951,3303.149902,3401.100098,3397.228271,744515
2022-05-13,3450.000000,3484.949951,3255.000000,3371.399902,3367.562012,1067906
2022-05-16,3403.000000,3425.000000,3180.550049,3342.899902,3339.094482,702758
2022-05-17,3321.000000,3517.949951,3321.000000,3489.100098,3485.128174,456449
2022-05-18,3540.100098,3575.000000,3452.649902,3504.399902,3500.410645,378778
2022-05-19,3397.000000,3455.000000,3361.050049,3379.250000,3375.403320,214503
2022-05-20,3419.000000,3475.000000,3385.899902,3428.149902,3424.247559,184764
2022-05-23,3440.000000,3542.000000,3417.600098,3508.899902,3504.905518,203098
2022-05-24,3500.000000,3526.600098,3429.550049,3448.000000,3444.074951,165109
2022-05-25,3448.000000,3463.850098,3277.050049,3345.199951,3341.391846,376745
2022-05-26,3385.000000,3399.000000,3268.050049,3364.649902,3360.819824,239255
2022-05-27,3399.000000,3505.000000,3395.000000,3421.149902,3417.255615,153798
2022-05-30,3484.000000,3883.600098,3460.000000,3804.050049,3799.719727,1009276
2022-05-31,3730.000000,3966.000000,3636.100098,3858.699951,3854.307129,1320520
2022-06-01,3885.100098,3944.399902,3846.600098,3892.300049,3887.869141,312767
2022-06-02,3887.000000,3940.000000,3830.000000,3918.300049,3913.839600,258655
2022-06-03,3952.000000,3994.300049,3545.350098,3644.449951,3640.301270,594428
2022-06-06,3690.000000,3727.899902,3537.350098,3669.199951,3665.022949,518160
2022-06-07,3669.199951,3669.949951,3570.350098,3617.600098,3613.481934,244438
2022-06-08,3630.000000,3683.000000,3550.149902,3592.949951,3588.859863,257182
2022-06-09,3555.000000,3642.000000,3550.000000,3610.199951,3606.090332,140315
2022-06-10,3555.000000,3623.899902,3555.000000,3609.250000,3605.141357,130776
2022-06-13,3540.000000,3540.000000,3454.300049,3489.800049,3485.827393,197329
2022-06-14,3511.000000,3552.000000,3400.050049,3413.000000,3409.114746,282987
2022-06-15,3414.000000,3521.949951,3404.050049,3465.449951,3461.504883,266198
2022-06-16,3500.000000,3557.000000,3294.250000,3350.649902,3346.835693,323830
2022-06-17,3320.250000,3400.199951,3275.000000,3360.300049,3356.474854,272290
2022-06-20,3392.300049,3398.699951,3260.000000,3325.949951,3322.163818,360697
2022-06-21,3391.949951,3479.550049,3356.000000,3462.050049,3458.108887,292796
2022-06-22,3400.000000,3418.500000,3250.250000,3365.699951,3361.868652,745939
2022-06-23,3365.000000,3436.000000,3330.949951,3392.000000,3388.138672,309614
2022-06-24,3420.000000,3549.850098,3420.000000,3527.350098,3523.334717,380403
2022-06-27,3597.000000,3660.000000,3570.000000,3636.149902,3632.010742,302324
2022-06-28,3640.000000,3695.000000,3591.100098,3664.699951,3660.528320,251343
2022-06-29,3615.000000,3724.300049,3595.149902,3650.899902,3646.743896,300603
2022-06-30,3650.899902,3688.500000,3525.750000,3575.000000,3570.930420,216749
2022-07-01,3575.000000,3606.750000,3517.000000,3595.699951,3591.606689,157931
2022-07-04,3564.750000,3612.750000,3548.000000,3591.399902,3587.311523,119066
2022-07-05,3614.100098,3629.000000,3511.000000,3524.649902,3520.637451,320182
2022-07-06,3508.000000,3681.500000,3508.000000,3668.750000,3664.573486,261838
2022-07-07,3684.949951,3729.949951,3652.399902,3706.000000,3701.781250,191315
2022-07-08,3724.500000,3740.000000,3618.000000,3657.899902,3653.735840,243112
2022-07-11,3621.149902,3749.899902,3621.149902,3741.250000,3736.991211,172012
2022-07-12,3745.649902,3921.699951,3724.199951,3872.399902,3867.991699,768066
2022-07-13,3897.600098,3913.000000,3807.000000,3820.800049,3816.450439,355498
2022-07-14,3850.000000,3850.000000,3685.600098,3699.300049,3695.088867,200366
2022-07-15,3703.000000,3755.550049,3703.000000,3743.100098,3738.839111,125142
2022-07-18,3764.649902,3850.000000,3760.000000,3811.550049,3807.211182,395303
2022-07-19,3824.000000,3850.000000,3792.000000,3812.699951,3808.359619,115205
2022-07-20,3855.000000,3957.000000,3836.000000,3933.649902,3929.172119,332003
2022-07-21,3945.949951,4019.500000,3891.550049,3948.350098,3943.855469,392356
2022-07-22,3970.000000,4005.000000,3832.000000,3856.649902,3852.259766,246782
2022-07-25,3850.000000,3855.000000,3753.000000,3764.050049,3759.765137,187799
2022-07-26,3775.050049,3810.000000,3673.000000,3685.949951,3681.753906,213393
2022-07-27,3685.949951,3738.000000,3615.300049,3700.250000,3696.037842,233956
2022-07-28,3690.000000,3702.000000,3550.000000,3578.500000,3574.426270,686953
2022-07-29,3616.000000,3709.800049,3588.500000,3699.899902,3695.688232,477118
2022-08-01,3720.000000,3796.000000,3696.899902,3748.199951,3743.933105,242629
2022-08-02,3741.000000,3817.000000,3713.800049,3775.750000,3771.451660,186538
2022-08-03,3774.000000,3798.000000,3716.000000,3755.300049,3751.025146,152433
2022-08-04,3780.300049,3867.000000,3760.050049,3836.800049,3832.432373,423079
2022-08-05,3845.000000,3860.000000,3818.000000,3827.300049,3822.943115,211580
2022-08-08,3827.300049,3862.000000,3700.000000,3798.199951,3793.876221,300316
2022-08-10,3794.100098,3915.199951,3751.000000,3845.949951,3841.572021,315042
2022-08-11,3890.000000,4007.800049,3866.000000,3879.899902,3877.499756,504780
2022-08-12,3894.899902,3894.899902,3815.350098,3832.300049,3829.929199,175927
2022-08-16,3875.000000,3920.000000,3792.000000,3899.649902,3897.237549,255949
2022-08-17,3916.000000,4055.000000,3904.050049,4006.149902,4003.671631,623294
2022-08-18,4015.000000,4118.000000,4006.149902,4068.149902,4065.633301,617723
2022-08-19,4093.949951,4115.000000,3938.649902,3989.949951,3987.481689,326704
2022-08-22,3984.949951,4074.949951,3875.000000,4034.500000,4032.004150,358346
2022-08-23,3980.000000,4150.000000,3960.100098,4049.500000,4046.994873,495459
2022-08-24,4069.000000,4146.750000,4051.300049,4090.899902,4088.369141,394160
2022-08-25,4120.750000,4144.950195,4060.000000,4074.399902,4071.879395,261374
2022-08-26,4090.000000,4174.549805,4056.000000,4073.399902,4070.879883,367926
2022-08-29,3925.000000,4038.000000,3922.000000,3981.500000,3979.036865,218694
2022-08-30,4079.949951,4122.049805,4031.050049,4103.700195,4101.161621,294048
2022-09-01,4097.500000,4097.500000,4006.050049,4071.800049,4069.281006,219617
2022-09-02,4095.000000,4198.000000,4070.000000,4109.299805,4106.757813,323294
2022-09-05,4110.850098,4214.950195,4065.649902,4204.700195,4202.099121,692964
2022-09-06,4245.899902,4252.950195,4148.700195,4187.200195,4184.609863,407279
2022-09-07,4182.000000,4380.000000,4170.000000,4362.799805,4360.100586,979853
2022-09-08,4400.000000,4437.500000,4360.000000,4392.799805,4390.082031,437771
2022-09-09,4420.700195,4559.000000,4420.000000,4540.049805,4537.241211,822887
2022-09-12,4540.049805,4580.000000,4473.000000,4497.549805,4494.767578,243129
2022-09-13,4580.000000,4670.000000,4555.049805,4598.450195,4595.605469,699158
2022-09-14,4500.000000,4615.000000,4478.250000,4598.100098,4595.255371,298888
2022-09-15,4620.000000,4650.000000,4570.000000,4584.399902,4581.563965,175553
2022-09-16,4579.200195,4618.850098,4414.250000,4446.700195,4443.949219,264858
2022-09-19,4446.700195,4499.649902,4361.100098,4401.350098,4398.627441,144638
2022-09-20,4450.000000,4548.000000,4425.000000,4493.799805,4491.020020,168592
2022-09-21,4487.950195,4589.950195,4452.000000,4492.450195,4489.670898,254135
2022-09-22,4469.000000,4522.000000,4451.000000,4469.299805,4466.535156,134583
2022-09-23,4475.000000,4512.700195,4301.100098,4314.350098,4311.681152,210879
2022-09-26,4300.000000,4313.950195,4110.500000,4174.049805,4171.467773,297930
2022-09-27,4219.299805,4249.000000,4140.000000,4207.200195,4204.597656,204930
2022-09-28,4207.200195,4308.000000,4160.000000,4253.000000,4250.369141,344191
2022-09-29,4299.850098,4325.100098,4230.000000,4263.149902,4260.512695,168520
2022-09-30,4260.000000,4414.000000,4245.000000,4371.600098,4368.895508,294422
2022-10-03,4374.000000,4428.450195,4262.450195,4299.100098,4296.440430,202663
2022-10-04,4350.250000,4384.149902,4300.000000,4335.500000,4332.817871,145415
2022-10-06,4371.799805,4454.000000,4365.200195,4433.049805,4430.307129,181967
2022-10-07,4399.399902,4500.000000,4277.700195,4314.549805,4311.880859,330155
2022-10-10,4285.000000,4290.000000,4214.500000,4235.600098,4232.979980,281483
2022-10-11,4235.600098,4285.100098,4230.000000,4259.799805,4257.164551,106538
2022-10-12,4280.000000,4338.750000,4239.100098,4278.500000,4275.853027,150495
2022-10-13,4287.000000,4321.500000,4241.500000,4286.700195,4284.048340,135229
2022-10-14,4339.000000,4350.000000,4235.649902,4249.049805,4246.421387,107440
2022-10-17,4252.000000,4285.149902,4185.549805,4280.549805,4277.901855,112819
2022-10-18,4309.000000,4321.000000,4252.049805,4295.799805,4293.142090,124099
2022-10-19,4295.799805,4343.700195,4261.200195,4272.649902,4270.006836,82599
2022-10-20,4233.000000,4314.200195,4206.000000,4295.799805,4293.142090,163846
2022-10-21,4328.200195,4440.000000,4262.000000,4275.000000,4272.355469,521775
2022-10-24,4329.850098,4329.850098,4269.799805,4279.299805,4276.652344,30563
2022-10-25,4288.950195,4347.000000,4275.250000,4324.950195,4322.274414,129945
2022-10-27,4352.000000,4423.000000,4335.100098,4409.149902,4406.422363,182428
2022-10-28,4431.450195,4450.000000,4380.000000,4389.149902,4386.434570,109771
2022-10-31,4405.149902,4525.000000,4392.000000,4516.600098,4513.806152,244152
2022-11-01,4530.000000,4563.700195,4494.100098,4526.950195,4524.149414,211832
2022-11-02,4547.000000,4586.899902,4527.500000,4568.250000,4565.423828,167127
2022-11-03,4502.000000,4588.000000,4502.000000,4533.649902,4530.845215,111996
2022-11-04,4552.000000,4564.100098,4502.000000,4514.450195,4511.657227,62684
2022-11-07,4530.000000,4589.000000,4502.299805,4530.399902,4527.597168,98433
2022-11-09,4550.000000,4620.000000,4514.000000,4539.850098,4537.041504,196466
2022-11-10,4521.049805,4548.000000,4462.100098,4505.850098,4503.062500,81047
2022-11-11,4540.000000,4648.450195,4520.000000,4537.500000,4534.692871,282617
2022-11-14,4560.200195,4603.450195,4510.250000,4591.450195,4588.609863,124028
2022-11-15,4597.000000,4664.950195,4556.100098,4582.799805,4579.964844,243036
2022-11-16,4585.000000,4606.600098,4480.649902,4530.549805,4527.747070,96776
2022-11-17,4499.000000,4506.200195,4376.000000,4386.000000,4383.286621,190650
2022-11-18,4386.000000,4413.049805,4250.950195,4345.899902,4343.211426,299892
2022-11-21,4345.899902,4393.600098,4305.299805,4336.850098,4334.166992,84920
2022-11-22,4356.000000,4368.899902,4320.299805,4347.950195,4345.260254,62939
2022-11-23,4360.000000,4409.950195,4321.000000,4382.950195,4380.238770,98894
2022-11-24,4404.850098,4404.850098,4350.500000,4383.799805,4381.087891,108303
2022-11-25,4380.000000,4454.200195,4353.200195,4368.299805,4365.597656,144700
2022-11-28,4350.700195,4390.100098,4316.000000,4338.100098,4335.416504,139922
2022-11-29,4325.000000,4350.750000,4272.049805,4281.700195,4279.051270,105824
2022-11-30,4299.000000,4313.399902,4207.000000,4251.899902,4249.269531,259144
2022-12-01,4273.149902,4390.000000,4255.000000,4385.350098,4382.637207,250462
2022-12-02,4389.000000,4414.899902,4360.000000,4375.149902,4372.443359,112103
2022-12-05,4380.000000,4405.000000,4344.600098,4368.299805,4365.597656,68056
2022-12-06,4351.799805,4367.000000,4315.549805,4328.600098,4325.922363,52589
2022-12-07,4330.000000,4348.700195,4260.000000,4263.700195,4261.062500,63106
2022-12-08,4284.899902,4285.049805,4140.000000,4164.250000,4161.673828,186779
2022-12-09,4200.000000,4247.549805,4082.649902,4103.899902,4101.360840,226238
2022-12-12,4087.000000,4090.000000,3970.000000,3988.850098,3986.382568,215435
2022-12-13,4002.000000,4102.850098,3989.000000,4085.000000,4082.472900,197807
2022-12-14,4105.899902,4135.649902,4090.000000,4121.899902,4119.350098,211952
2022-12-15,4112.950195,4149.799805,4075.300049,4093.500000,4090.967529,104954
2022-12-16,4061.000000,4089.300049,4007.000000,4026.949951,4024.458740,100746
2022-12-19,4040.000000,4098.600098,3985.899902,4044.500000,4041.997803,137971
2022-12-20,4030.000000,4092.000000,3959.949951,4053.949951,4051.442139,238282
2022-12-21,4095.000000,4157.750000,3925.000000,3940.750000,3938.312012,320403
2022-12-22,3961.500000,3991.850098,3842.000000,3877.000000,3874.601563,179556
2022-12-23,3811.000000,3855.649902,3710.000000,3718.050049,3715.750000,168275
2022-12-26,3736.600098,3848.800049,3671.699951,3817.800049,3815.438232,201269
2022-12-27,3865.000000,3955.000000,3841.600098,3939.399902,3936.962891,331759
2022-12-28,3938.850098,3946.949951,3890.399902,3925.699951,3923.271484,124496
2022-12-29,3891.500000,3944.550049,3882.000000,3922.149902,3919.723633,125215
2022-12-30,3947.000000,3970.000000,3880.000000,3904.600098,3902.184570,109316
2023-01-02,3927.000000,3960.000000,3889.550049,3897.300049,3894.888916,90036
2023-01-03,3894.000000,3929.000000,3876.000000,3922.149902,3919.723633,87251
2023-01-04,3920.000000,3938.399902,3855.600098,3864.050049,3861.659668,122473
2023-01-05,3877.000000,3897.800049,3791.100098,3838.600098,3836.225342,95221
2023-01-06,3830.000000,3843.550049,3785.050049,3817.449951,3815.088379,90644
2023-01-09,3836.550049,3853.000000,3765.000000,3774.050049,3771.715332,145564
2023-01-10,3792.899902,3808.000000,3705.500000,3731.149902,3728.841797,121358
2023-01-11,3748.000000,3758.500000,3697.600098,3705.300049,3703.007813,92859
2023-01-12,3720.000000,3722.649902,3634.350098,3651.050049,3648.791260,169937
2023-01-13,3659.949951,3671.000000,3603.050049,3626.550049,3624.306641,134883
2023-01-16,3644.699951,3658.000000,3541.000000,3547.649902,3545.455078,145572
2023-01-17,3547.649902,3582.899902,3512.500000,3564.050049,3561.845215,131767
2023-01-18,3581.850098,3588.800049,3505.000000,3516.750000,3514.574463,203661
2023-01-19,3500.000000,3557.050049,3451.100098,3545.250000,3543.056885,204072
2023-01-20,3545.000000,3574.250000,3498.100098,3516.000000,3513.824951,134510
2023-01-23,3533.600098,3533.600098,3425.000000,3495.050049,3492.887939,197301
2023-01-24,3495.050049,3568.949951,3460.000000,3477.000000,3474.849121,250604
2023-01-25,3477.000000,3483.949951,3355.000000,3363.800049,3361.718994,228522
2023-01-27,3135.000000,3189.949951,2631.000000,2721.800049,2720.116211,4960069
2023-01-30,2740.000000,2745.850098,2553.000000,2679.800049,2678.142334,1388999
2023-01-31,2694.000000,2799.949951,2635.000000,2681.550049,2679.891113,1126760
2023-02-01,2724.000000,2860.000000,2716.050049,2806.600098,2804.863770,1641717
2023-02-02,2800.000000,2859.800049,2741.149902,2765.550049,2763.839111,610067
2023-02-03,2770.949951,2833.850098,2668.050049,2755.449951,2753.745361,413917
2023-02-06,2759.800049,2815.000000,2742.149902,2783.550049,2781.828125,227943
2023-02-07,2797.500000,2797.500000,2691.100098,2706.750000,2705.075439,567714
2023-02-08,2737.050049,2737.050049,2675.399902,2703.949951,2702.277100,342203
2023-02-09,2700.000000,2734.350098,2641.050049,2690.449951,2688.785645,394355
2023-02-10,2699.949951,2745.000000,2661.600098,2704.550049,2702.876953,306637
2023-02-13,2717.000000,2728.649902,2622.050049,2665.500000,2663.851074,315713
2023-02-14,2674.000000,2710.000000,2631.199951,2688.300049,2686.636963,336631
2023-02-15,2685.000000,2718.500000,2651.199951,2701.550049,2699.878662,226606
2023-02-16,2715.100098,2770.000000,2690.000000,2726.250000,2724.563477,598235
2023-02-17,2720.000000,2759.699951,2696.000000,2736.300049,2734.607178,243108
2023-02-20,2732.350098,2750.050049,2695.000000,2705.649902,2703.976074,193404
2023-02-21,2712.000000,2735.300049,2695.000000,2722.600098,2720.915771,191374
2023-02-22,2711.000000,2711.050049,2636.199951,2644.199951,2642.564209,270867
2023-02-23,2644.000000,2706.000000,2581.199951,2688.149902,2686.486816,436346
2023-02-24,2705.000000,2809.399902,2684.050049,2796.949951,2795.219727,539202
2023-02-27,2800.000000,2800.050049,2705.949951,2778.850098,2777.131104,300700
2023-02-28,2779.000000,2904.000000,2760.199951,2890.649902,2888.861572,708324
2023-03-01,2892.000000,2994.250000,2879.899902,2929.899902,2928.087402,734196
2023-03-02,2924.850098,2989.800049,2919.300049,2949.550049,2947.725342,505745
2023-03-03,2969.250000,2993.750000,2935.000000,2977.850098,2976.007813,286611
2023-03-06,2995.000000,3052.800049,2971.000000,2988.100098,2986.251465,275545
2023-03-08,2975.000000,2980.050049,2907.850098,2917.149902,2915.345215,166197
2023-03-09,2919.149902,2937.800049,2816.000000,2821.649902,2819.904297,252164
2023-03-10,2822.000000,2895.000000,2790.449951,2886.899902,2885.114014,478656
2023-03-13,2880.000000,2934.000000,2826.000000,2885.649902,2883.864746,483555
2023-03-14,2900.449951,2900.449951,2811.250000,2853.000000,2851.235107,221530
2023-03-15,2875.000000,2878.250000,2807.000000,2828.250000,2826.500244,222399
2023-03-16,2842.399902,2900.000000,2830.800049,2868.050049,2866.275879,231087
2023-03-17,2882.399902,2907.649902,2852.250000,2886.800049,2885.014160,158129
2023-03-20,2835.899902,2934.100098,2835.899902,2912.750000,2910.947998,199520
2023-03-21,2912.100098,2948.050049,2895.000000,2900.050049,2898.255859,182196
2023-03-22,2900.050049,2924.500000,2865.050049,2886.399902,2884.614258,425945
2023-03-23,2891.000000,2913.350098,2852.050049,2898.800049,2897.006836,167649
2023-03-24,2900.000000,2908.800049,2844.000000,2881.399902,2879.617432,188655
2023-03-27,2881.449951,2894.449951,2788.149902,2804.600098,2802.864990,201382
2023-03-28,2804.649902,2835.149902,2754.050049,2822.750000,2821.003662,294448
2023-03-29,2821.000000,2858.000000,2760.100098,2793.550049,2791.821777,412376
2023-03-31,2818.100098,2873.949951,2794.500000,2861.300049,2859.530029,199449
2023-04-03,2879.949951,2917.500000,2859.000000,2893.000000,2891.210205,170335
2023-04-05,2902.000000,2945.000000,2893.000000,2929.149902,2927.337891,140840
2023-04-06,2929.899902,2957.850098,2872.850098,2887.449951,2885.663574,313997
2023-04-10,2885.199951,2990.000000,2870.050049,2977.050049,2975.208252,321718
2023-04-11,2979.050049,3001.899902,2911.750000,2968.600098,2966.763672,483722
2023-04-12,2979.600098,2989.100098,2896.350098,2926.399902,2924.589600,804314
2023-04-13,2926.399902,3034.600098,2918.850098,2982.550049,2980.704834,465405
2023-04-17,2974.500000,2982.550049,2931.000000,2957.850098,2956.020264,164061
2023-04-18,2965.949951,3050.000000,2944.250000,2976.899902,2975.058350,296250
2023-04-19,2979.899902,3110.000000,2972.100098,3010.399902,3008.537598,686709
2023-04-20,2982.550049,3029.399902,2982.550049,2987.550049,2985.701904,347679
2023-04-21,2990.000000,3004.800049,2920.000000,2930.399902,2928.587158,191383
2023-04-24,2935.000000,2937.550049,2880.000000,2893.800049,2892.009766,261093
2023-04-25,2895.050049,2897.949951,2848.399902,2862.600098,2860.829102,219286
2023-04-26,2862.000000,2877.300049,2820.000000,2832.600098,2830.847656,190726
2023-04-27,2832.600098,2894.000000,2821.000000,2878.699951,2876.919189,274260
2023-04-28,2885.000000,2924.000000,2878.500000,2915.300049,2913.496582,183987
2023-05-02,2929.000000,2948.800049,2900.000000,2909.100098,2907.300537,178211
2023-05-03,2911.000000,2928.100098,2882.699951,2908.250000,2906.450928,161426
2023-05-04,2909.000000,2943.750000,2891.750000,2898.000000,2896.207275,152250
2023-05-05,2899.000000,2952.750000,2882.050049,2890.550049,2888.761963,193023
2023-05-08,2890.550049,2926.350098,2886.850098,2903.100098,2901.304199,187009
2023-05-09,2903.100098,2928.199951,2894.250000,2898.949951,2897.156494,134009
2023-05-10,2898.000000,2929.300049,2881.000000,2892.250000,2890.460693,101322
2023-05-11,2907.500000,2927.899902,2900.000000,2911.699951,2909.898682,126352
2023-05-12,2911.000000,2970.000000,2842.850098,2867.550049,2865.776123,375044
2023-05-15,2886.850098,2949.000000,2858.050049,2937.850098,2936.032715,248883
2023-05-16,2958.550049,2965.000000,2905.500000,2912.550049,2910.748291,160225
2023-05-17,2950.000000,3019.050049,2916.050049,2961.100098,2959.268311,992390
2023-05-18,2989.100098,3040.000000,2966.050049,2983.699951,2981.854004,912471
2023-05-19,3005.300049,3043.000000,2992.000000,3035.350098,3033.472412,467483
2023-05-22,3042.699951,3273.199951,3041.050049,3231.550049,3229.550781,1559023
2023-05-23,3267.399902,3305.000000,3165.100098,3275.649902,3273.623535,929896
2023-05-24,3330.000000,3583.000000,3260.000000,3514.300049,3512.125977,3665876
2023-05-25,3509.649902,3627.750000,3476.899902,3597.850098,3595.624268,1304189
2023-05-26,3609.949951,3684.250000,3570.050049,3661.199951,3658.935059,783753
2023-05-29,3675.100098,3739.500000,3671.550049,3717.000000,3714.700439,556771
2023-05-30,3715.500000,3726.899902,3652.399902,3682.300049,3680.021973,332863
2023-05-31,3705.750000,3900.000000,3695.149902,3878.750000,3876.350342,1643397
2023-06-01,3893.050049,4025.000000,3855.149902,3909.500000,3907.081543,1483536
2023-06-02,3930.000000,3989.000000,3902.300049,3966.149902,3963.696289,962382
2023-06-05,3992.949951,4010.000000,3965.000000,3980.500000,3978.037598,493727
2023-06-06,3988.000000,4008.850098,3845.550049,3862.600098,3860.210449,610250
2023-06-07,3879.350098,3942.649902,3875.100098,3922.550049,3920.123535,344115
2023-06-08,3943.050049,4094.199951,3925.149902,4067.399902,4064.883545,1208269
2023-06-09,4080.000000,4132.000000,4056.250000,4074.399902,4071.879395,604080
2023-06-12,4040.000000,4200.000000,3965.000000,4185.049805,4182.460938,979767
2023-06-13,4207.850098,4385.000000,4189.000000,4315.899902,4313.229980,1654501
2023-06-14,4340.000000,4420.700195,4321.049805,4373.100098,4370.394531,845916
2023-06-15,4373.500000,4650.000000,4335.100098,4577.000000,4574.168457,1116649
2023-06-16,4584.950195,4607.350098,4461.100098,4546.600098,4543.787598,989858
2023-06-19,4560.000000,4723.899902,4538.700195,4655.149902,4652.270020,1026103
2023-06-20,4682.000000,4730.000000,4482.549805,4538.549805,4535.742188,1027893
2023-06-21,4580.000000,4634.399902,4551.649902,4587.100098,4584.262207,501241
2023-06-22,4600.000000,4628.600098,4440.000000,4446.899902,4444.148926,810390
2023-06-23,4450.000000,4474.950195,4298.000000,4326.200195,4323.523926,662654
2023-06-26,4326.950195,4511.000000,4316.250000,4432.049805,4429.308105,804774
2023-06-27,4475.950195,4508.100098,4361.799805,4390.899902,4388.183594,525573
2023-06-28,4390.899902,4390.899902,4390.899902,4390.899902,4388.183594,0
2023-06-30,4389.299805,4456.450195,4366.299805,4388.600098,4385.885254,311120
2023-07-03,4410.049805,4443.700195,4344.649902,4357.399902,4354.704102,239928
2023-07-04,4365.049805,4410.000000,4348.000000,4358.149902,4355.453613,188946
2023-07-05,4319.950195,4319.950195,4145.200195,4206.100098,4203.498047,596331
2023-07-06,4200.000000,4288.799805,4176.200195,4260.799805,4258.164063,570244
2023-07-07,4270.000000,4300.000000,4220.000000,4244.000000,4241.374512,283819
2023-07-10,4249.600098,4288.950195,4220.950195,4238.500000,4235.877930,181972
2023-07-11,4253.850098,4400.000000,4245.000000,4386.350098,4383.636719,499626
2023-07-12,4407.750000,4415.000000,4321.450195,4336.299805,4333.617188,233686
2023-07-13,4350.000000,4389.000000,4260.100098,4297.649902,4294.991211,210165
2023-07-14,4322.850098,4430.000000,4294.649902,4319.750000,4317.077637,460530
2023-07-17,4342.000000,4407.100098,4323.049805,4333.350098,4330.669434,321957
2023-07-18,4356.100098,4379.350098,4270.000000,4325.200195,4322.524414,214128
2023-07-19,4334.950195,4363.799805,4301.000000,4330.500000,4327.820801,170391
2023-07-20,4341.049805,4365.000000,4255.000000,4265.350098,4262.711426,248590
2023-07-21,4269.200195,4275.299805,4160.000000,4176.399902,4173.816406,346342
2023-07-24,4130.000000,4166.000000,3953.000000,4014.850098,4012.366455,979320
2023-07-25,4015.000000,4133.899902,4002.600098,4112.899902,4110.355469,576624
2023-07-26,4140.000000,4185.700195,4070.050049,4087.199951,4084.671387,689375
2023-07-27,4117.950195,4117.950195,4036.100098,4050.449951,4047.944092,329479
2023-07-28,4051.449951,4075.850098,4000.050049,4063.600098,4061.086182,306597
2023-07-31,4020.000000,4144.950195,4020.000000,4122.000000,4119.450195,230739
2023-08-01,4142.000000,4158.000000,4065.000000,4135.549805,4132.991211,262912
2023-08-02,4135.549805,4230.000000,4082.000000,4127.299805,4124.746582,473212
2023-08-03,4120.000000,4485.000000,4091.000000,4443.350098,4440.601074,2318714
2023-08-04,4500.450195,4816.850098,4465.000000,4616.250000,4613.394043,3660506
2023-08-07,4599.950195,4719.600098,4385.049805,4690.350098,4687.448242,1803022
2023-08-08,4707.000000,4925.000000,4700.000000,4859.799805,4856.793457,2420251
2023-08-09,4850.049805,4967.750000,4816.200195,4901.350098,4898.317871,1394021
2023-08-10,4901.250000,4928.450195,4751.500000,4800.950195,4797.979980,788457
2023-08-11,4809.000000,4857.000000,4770.000000,4780.549805,4777.592285,428194
2023-08-14,4780.000000,4780.000000,4632.850098,4651.250000,4648.372559,483569
2023-08-16,4648.000000,4770.000000,4585.000000,4753.100098,4750.159668,551326
2023-08-17,4770.799805,4810.000000,4671.000000,4682.500000,4679.603027,584616
2023-08-18,4690.000000,4776.000000,4635.000000,4737.799805,4734.868652,512351
2023-08-21,4749.950195,4909.899902,4730.100098,4893.750000,4890.722656,778262
2023-08-22,4940.000000,5035.000000,4886.950195,4995.000000,4991.909668,948055
2023-08-23,5011.649902,5068.899902,4951.049805,4996.799805,4993.708496,764519
2023-08-24,5024.000000,5050.200195,4938.600098,4947.100098,4944.039551,319293
2023-08-25,4872.350098,5007.500000,4840.100098,4859.750000,4856.743652,555414
2023-08-28,4851.299805,4965.000000,4851.299805,4946.899902,4943.839355,379059
2023-08-29,4963.149902,4971.600098,4891.049805,4917.049805,4914.007813,276227
2023-08-30,4940.000000,4975.000000,4910.000000,4958.100098,4955.032715,225843
2023-08-31,4970.000000,5012.000000,4815.049805,5003.850098,5000.754395,576364
2023-09-01,5009.649902,5163.000000,4990.600098,5057.250000,5054.121582,577891
2023-09-04,5081.799805,5166.299805,5061.200195,5123.000000,5119.830566,351873
2023-09-05,5134.500000,5224.950195,5077.500000,5127.549805,5124.377930,572026
2023-09-06,5130.000000,5146.950195,4960.000000,4998.149902,4995.058105,335311
2023-09-07,4998.649902,5105.000000,4965.200195,5084.799805,5081.654297,432392
2023-09-08,5099.000000,5144.450195,5065.549805,5121.200195,5118.032227,408374
2023-09-11,5139.000000,5188.000000,5108.000000,5178.899902,5175.696289,236898
2023-09-12,5207.500000,5207.500000,5016.399902,5040.950195,5037.831543,346784
2023-09-13,5068.950195,5124.000000,4985.049805,5062.100098,5058.968262,222104
2023-09-14,5088.700195,5119.899902,5050.000000,5078.100098,5074.958496,144259
2023-09-15,5111.250000,5165.000000,5023.450195,5059.000000,5055.870117,311092
2023-09-18,5040.000000,5070.000000,4906.799805,4920.299805,4917.255859,275779
2023-09-20,4918.750000,4945.000000,4846.000000,4877.549805,4874.532227,203145
2023-09-21,4875.200195,4900.000000,4836.500000,4849.450195,4846.450195,126712
2023-09-22,4848.000000,4908.899902,4785.750000,4808.399902,4808.399902,282816
2023-09-25,4810.000000,4965.000000,4733.450195,4889.549805,4889.549805,472289
2023-09-26,4901.700195,5120.000000,4901.000000,5098.149902,5098.149902,1031690
2023-09-27,5110.000000,5299.799805,5032.549805,5285.350098,5285.350098,1306972
2023-09-28,5325.000000,5378.850098,5181.649902,5218.350098,5218.350098,1007687
2023-09-29,5250.000000,5309.950195,5156.950195,5289.250000,5289.250000,383062
2023-10-03,5280.000000,5335.000000,5254.549805,5297.450195,5297.450195,332474
2023-10-04,5265.750000,5277.350098,5182.000000,5216.450195,5216.450195,333803
2023-10-05,5250.049805,5256.299805,5134.750000,5148.100098,5148.100098,313878
2023-10-06,5167.700195,5178.000000,5062.100098,5128.750000,5128.750000,455043
2023-10-09,5032.149902,5162.899902,5028.000000,5104.649902,5104.649902,189301
2023-10-10,5119.000000,5197.000000,5119.000000,5170.450195,5170.450195,309458
2023-10-11,5200.000000,5274.850098,5170.799805,5254.700195,5254.700195,321455
2023-10-12,5261.950195,5320.000000,5215.600098,5290.299805,5290.299805,392980
2023-10-13,5279.899902,5364.799805,5253.049805,5339.950195,5339.950195,437306
2023-10-16,5291.000000,5408.950195,5291.000000,5388.850098,5388.850098,356387
2023-10-17,5430.000000,5486.950195,5382.450195,5474.350098,5474.350098,421223
2023-10-18,5479.950195,5508.649902,5434.000000,5475.299805,5475.299805,300190
2023-10-19,5440.000000,5575.000000,5422.250000,5501.799805,5501.799805,457877
2023-10-20,5498.000000,5534.950195,5474.049805,5520.899902,5520.899902,279892
2023-10-23,5520.000000,5607.100098,5400.049805,5418.000000,5418.000000,458119
2023-10-25,5418.000000,5518.000000,5418.000000,5445.600098,5445.600098,577617
